0.0,0.0
0.0,0.0
0.0,0.0
0.0,0.0
0.0,0.0
0.0,0.0
0.0,0.0
0.0,0.0
0.0,0.0
0.0,0.0
0.0,0.0
0.0,0.0
0.0,0.0
0.0,0.0
0.0,0.0
0.0,0.0
0.0,0.0
0.0,0.0
0.0,0.0
0.0,0.0
0.0,0.0
0.0,0.0
0.0,0.0
0.0,0.0
0.0,0.0
0.0,0.0
0.0,0.0
0.0,0.0
0.0,0.0
0.0,0.0
0.0,0.0
0.0,0.0
0.0,0.0
0.0,0.0
0.0,0.0
0.0,0.0
0.0,0.0
0.0,0.0
0.0,0.0
0.0,0.0
0.0,0.0
0.0,0.0
0.0,0.0
0.0,0.0
0.0,0.0
0.0,0.0
0.0,0.0
0.0,0.0
0.0,0.0
0.0,0.0
0.0,0.0
0.0,0.0
0.0,0.0
0.0,0.0
0.0,0.0
0.0,0.0
0.0,0.0
0.0,0.0
0.0,0.0
0.0,0.0
0.0,0.0
0.0,0.0
0.0,0.0
0.0,0.0
0.0,0.0
0.0,0.0
0.0,0.0
0.0,0.0
0.0,0.0
0.0,0.0
0.0,0.0
0.0,0.0
0.0,0.0
0.0,0.0
0.0,0.0
0.0,0.0
0.0,0.0
0.0,0.0
0.0,0.0
0.0,0.0
0.0,0.0
0.0,0.0
0.0,0.0
0.0,0.0
0.0,0.0
0.0,0.0
0.0,0.0
0.0,0.0
0.0,0.0
0.0,0.0
0.0,0.0
0.0,0.0
0.0,0.0
0.0,0.0
0.0,0.0
0.0,0.0
0.0,0.0
0.0,0.0
0.0,0.0
0.0,0.0
0.0,0.0
0.0,0.0
0.0,0.0
0.0,0.0
0.0,0.0
0.0,0.0
0.0,0.0
0.0,0.0
0.0,0.0
0.0,0.0
0.0,0.0
0.0,0.0
0.0,0.0
0.0,0.0
0.0,-1.0
0.0,0.0
0.0,0.0
0.0,0.0
0.0,-1.0
0.0,0.0
0.0,0.0
0.0,-1.0
0.0,0.0
0.0,0.0
0.0,0.0
0.0,-1.0
0.0,-1.0
0.0,-1.0
0.0,-1.0
0.0,-1.0
1.0,-2.0
0.0,-1.0
1.0,-3.0
1.0,-3.0
1.0,-3.0
1.0,-3.0
1.0,-3.0
1.0,-3.0
3.0,-6.0
3.0,-6.0
3.0,-7.0
3.0,-7.0
3.0,-7.0
4.0,-9.0
4.0,-10.0
5.0,-12.0
6.0,-15.0
8.0,-18.0
9.0,-21.0
10.0,-25.0
12.0,-29.0
13.0,-32.0
15.0,-36.0
15.0,-37.0
15.0,-37.0
17.0,-41.0
17.0,-42.0
19.0,-46.0
19.0,-46.0
19.0,-47.0
18.0,-45.0
19.0,-47.0
20.0,-50.0
20.0,-50.0
19.0,-46.0
21.0,-51.0
21.0,-52.0
21.0,-51.0
21.0,-53.0
20.0,-50.0
19.0,-48.0
21.0,-51.0
22.0,-54.0
22.0,-54.0
24.0,-61.0
24.0,-60.0
22.0,-55.0
20.0,-50.0
22.0,-54.0
24.0,-59.0
23.0,-57.0
22.0,-55.0
26.0,-66.0
24.0,-59.0
24.0,-60.0
22.0,-54.0
22.0,-55.0
20.0,-50.0
19.0,-48.0
21.0,-53.0
20.0,-50.0
20.0,-49.0
25.0,-63.0
21.0,-53.0
22.0,-54.0
22.0,-55.0
22.0,-56.0
21.0,-53.0
22.0,-56.0
22.0,-55.0
21.0,-51.0
21.0,-52.0
19.0,-48.0
22.0,-55.0
22.0,-54.0
19.0,-47.0
20.0,-50.0
19.0,-48.0
20.0,-49.0
21.0,-51.0
21.0,-53.0
21.0,-51.0
23.0,-57.0
24.0,-59.0
25.0,-62.0
25.0,-62.0
25.0,-64.0
28.0,-70.0
23.0,-58.0
25.0,-62.0
23.0,-57.0
26.0,-66.0
26.0,-65.0
24.0,-60.0
27.0,-68.0
24.0,-59.0
26.0,-67.0
26.0,-65.0
25.0,-64.0
26.0,-65.0
25.0,-64.0
25.0,-62.0
25.0,-64.0
21.0,-51.0
25.0,-62.0
21.0,-53.0
22.0,-54.0
24.0,-61.0
24.0,-59.0
26.0,-66.0
29.0,-75.0
26.0,-65.0
22.0,-55.0
25.0,-64.0
24.0,-59.0
25.0,-62.0
25.0,-63.0
26.0,-65.0
26.0,-66.0
26.0,-65.0
25.0,-62.0
21.0,-51.0
25.0,-64.0
26.0,-65.0
26.0,-65.0
26.0,-65.0
25.0,-63.0
27.0,-69.0
29.0,-73.0
28.0,-70.0
25.0,-63.0
26.0,-65.0
26.0,-65.0
30.0,-78.0
30.0,-77.0
29.0,-73.0
26.0,-67.0
28.0,-70.0
25.0,-64.0
28.0,-70.0
25.0,-63.0
28.0,-70.0
28.0,-70.0
29.0,-74.0
25.0,-63.0
25.0,-64.0
28.0,-70.0
24.0,-60.0
25.0,-63.0
25.0,-64.0
28.0,-71.0
26.0,-67.0
25.0,-62.0
25.0,-64.0
26.0,-65.0
27.0,-68.0
26.0,-67.0
27.0,-69.0
27.0,-68.0
25.0,-64.0
25.0,-63.0
27.0,-68.0
26.0,-65.0
25.0,-62.0
28.0,-71.0
27.0,-69.0
29.0,-75.0
26.0,-67.0
26.0,-67.0
25.0,-63.0
25.0,-62.0
28.0,-70.0
26.0,-65.0
25.0,-63.0
29.0,-73.0
26.0,-66.0
28.0,-70.0
26.0,-66.0
25.0,-62.0
24.0,-61.0
22.0,-55.0
24.0,-59.0
22.0,-56.0
23.0,-58.0
20.0,-50.0
19.0,-47.0
17.0,-41.0
14.0,-33.0
12.0,-28.0
8.0,-20.0
7.0,-16.0
5.0,-11.0
3.0,-6.0
0.0,1.0
-2.0,4.0
-2.0,5.0
-5.0,11.0
-10.0,23.0
-14.0,33.0
-12.0,28.0
-12.0,30.0
-12.0,29.0
-16.0,38.0
-16.0,39.0
-17.0,42.0
-16.0,38.0
-17.0,41.0
-14.0,34.0
-17.0,42.0
-19.0,46.0
-17.0,43.0
-20.0,50.0
-16.0,40.0
-16.0,39.0
-17.0,42.0
-20.0,49.0
-17.0,43.0
-18.0,44.0
-19.0,47.0
-18.0,45.0
-19.0,47.0
-21.0,52.0
-18.0,45.0
-18.0,44.0
-18.0,45.0
-18.0,45.0
-17.0,41.0
-20.0,50.0
-22.0,56.0
-18.0,45.0
-16.0,40.0
-21.0,51.0
-20.0,49.0
-20.0,49.0
-22.0,54.0
-21.0,51.0
-23.0,57.0
-23.0,57.0
-19.0,48.0
-21.0,51.0
-20.0,50.0
-20.0,49.0
-20.0,49.0
-21.0,52.0
-20.0,49.0
-18.0,44.0
-22.0,54.0
-21.0,53.0
-22.0,54.0
-22.0,55.0
-20.0,49.0
-21.0,51.0
-21.0,51.0
-22.0,56.0
-21.0,52.0
-17.0,43.0
-22.0,55.0
-21.0,53.0
-21.0,53.0
-20.0,50.0
-16.0,39.0
-22.0,56.0
-22.0,55.0
-17.0,43.0
-18.0,45.0
-22.0,54.0
-17.0,43.0
-17.0,43.0
-21.0,53.0
-19.0,46.0
-17.0,42.0
-20.0,50.0
-22.0,56.0
-21.0,51.0
-17.0,43.0
-21.0,52.0
-20.0,50.0
-20.0,50.0
-23.0,57.0
-21.0,53.0
-20.0,50.0
-21.0,53.0
-24.0,59.0
-24.0,59.0
-24.0,59.0
-22.0,56.0
-21.0,53.0
-26.0,67.0
-22.0,54.0
-23.0,58.0
-21.0,53.0
-20.0,49.0
-21.0,53.0
-21.0,52.0
-20.0,50.0
-21.0,53.0
-16.0,40.0
-22.0,56.0
-18.0,45.0
-23.0,57.0
-19.0,48.0
-19.0,48.0
-19.0,46.0
-17.0,41.0
-19.0,48.0
-18.0,44.0
-16.0,40.0
-19.0,46.0
-15.0,36.0
-20.0,50.0
-17.0,42.0
-19.0,46.0
-20.0,49.0
-21.0,51.0
-18.0,44.0
-17.0,42.0
-19.0,46.0
-17.0,42.0
-17.0,42.0
-14.0,34.0
-18.0,44.0
-19.0,47.0
-16.0,40.0
-15.0,36.0
-17.0,42.0
-17.0,43.0
-15.0,36.0
-14.0,34.0
-11.0,27.0
-7.0,17.0
-5.0,13.0
1.0,-2.0
5.0,-12.0
12.0,-28.0
26.0,-67.0
34.0,-87.0
30.0,-77.0
33.0,-85.0
40.0,-105.0
43.0,-114.0
43.0,-116.0
46.0,-125.0
40.0,-105.0
48.0,-132.0
49.0,-134.0
50.0,-137.0
54.0,-153.0
47.0,-130.0
50.0,-139.0
54.0,-154.0
49.0,-136.0
53.0,-150.0
50.0,-139.0
53.0,-149.0
58.0,-168.0
62.0,-181.0
64.0,-191.0
60.0,-175.0
68.0,-207.0
67.0,-202.0
63.0,-187.0
64.0,-191.0
64.0,-189.0
65.0,-195.0
66.0,-200.0
68.0,-207.0
68.0,-206.0
67.0,-204.0
68.0,-207.0
69.0,-212.0
65.0,-193.0
74.0,-233.0
69.0,-211.0
69.0,-213.0
71.0,-221.0
67.0,-203.0
80.0,-267.0
74.0,-236.0
77.0,-249.0
77.0,-249.0
73.0,-229.0
79.0,-260.0
79.0,-259.0
77.0,-251.0
82.0,-279.0
82.0,-279.0
82.0,-280.0
82.0,-280.0
82.0,-280.0
82.0,-280.0
82.0,-280.0
82.0,-280.0
82.0,-280.0
82.0,-280.0
82.0,-280.0
82.0,-280.0
82.0,-280.0
82.0,-280.0
82.0,-280.0
82.0,-280.0
82.0,-280.0
82.0,-280.0
82.0,-280.0
80.0,-265.0
80.0,-265.0
79.0,-258.0
78.0,-256.0
74.0,-234.0
65.0,-193.0
60.0,-174.0
57.0,-162.0
47.0,-130.0
41.0,-110.0
31.0,-81.0
31.0,-81.0
24.0,-59.0
23.0,-57.0
24.0,-61.0
16.0,-39.0
13.0,-31.0
12.0,-29.0
8.0,-20.0
5.0,-12.0
3.0,-6.0
1.0,-2.0
-1.0,3.0
-2.0,5.0
-2.0,5.0
-4.0,10.0
-6.0,15.0
-6.0,15.0
-5.0,13.0
-5.0,13.0
-5.0,13.0
-5.0,12.0
-3.0,8.0
-3.0,6.0
-3.0,6.0
-2.0,5.0
-2.0,4.0
-1.0,3.0
-1.0,3.0
0.0,1.0
0.0,1.0
-1.0,2.0
0.0,1.0
0.0,1.0
0.0,1.0
0.0,1.0
0.0,1.0
0.0,1.0
0.0,1.0
0.0,0.0
0.0,1.0
0.0,0.0
0.0,0.0
0.0,0.0
0.0,0.0
0.0,0.0
0.0,0.0
0.0,0.0
0.0,0.0
0.0,0.0
0.0,0.0
0.0,0.0
0.0,0.0
0.0,0.0
0.0,0.0
0.0,1.0
-1.0,2.0
-1.0,3.0
-2.0,5.0
-3.0,6.0
-4.0,9.0
-4.0,9.0
-4.0,10.0
-5.0,11.0
-4.0,10.0
-5.0,12.0
-5.0,12.0
-4.0,10.0
-4.0,9.0
-3.0,8.0
-3.0,7.0
-3.0,7.0
-3.0,7.0
-3.0,8.0
-3.0,7.0
-4.0,9.0
-3.0,8.0
-3.0,8.0
-4.0,9.0
-4.0,10.0
-5.0,11.0
-4.0,10.0
-4.0,9.0
-4.0,10.0
-5.0,11.0
-5.0,11.0
-4.0,10.0
-4.0,10.0
-4.0,9.0
-4.0,9.0
-4.0,9.0
-4.0,10.0
-4.0,9.0
-4.0,9.0
-3.0,7.0
-3.0,7.0
-3.0,7.0
-3.0,6.0
-3.0,7.0
-3.0,7.0
-3.0,7.0
-3.0,7.0
-3.0,7.0
-2.0,5.0
-2.0,4.0
-1.0,3.0
0.0,1.0
0.0,1.0
0.0,1.0
0.0,1.0
-1.0,2.0
-1.0,3.0
-1.0,2.0
-2.0,4.0
-2.0,4.0
-3.0,6.0
-3.0,7.0
-3.0,7.0
-3.0,6.0
-3.0,6.0
-2.0,5.0
-2.0,5.0
-2.0,5.0
-2.0,4.0
-1.0,3.0
-1.0,3.0
-1.0,2.0
-1.0,3.0
-1.0,2.0
0.0,1.0
-1.0,3.0
-2.0,4.0
-2.0,4.0
-3.0,6.0
-3.0,7.0
-4.0,9.0
-4.0,10.0
-4.0,10.0
-5.0,12.0
-5.0,13.0
-6.0,14.0
-5.0,13.0
-5.0,12.0
-5.0,12.0
-5.0,11.0
-5.0,12.0
-5.0,12.0
-5.0,13.0
-4.0,10.0
-5.0,12.0
-5.0,13.0
-6.0,15.0
-5.0,13.0
-6.0,14.0
-7.0,16.0
-7.0,17.0
-7.0,17.0
-8.0,18.0
-8.0,19.0
-9.0,22.0
-8.0,20.0
-9.0,22.0
-10.0,24.0
-12.0,28.0
-12.0,29.0
-13.0,32.0
-18.0,45.0
-17.0,42.0
-24.0,59.0
-19.0,46.0
-25.0,64.0
-21.0,52.0
-26.0,67.0
-25.0,64.0
-32.0,83.0
-42.0,112.0
-29.0,74.0
-37.0,97.0
-39.0,104.0
-49.0,134.0
-51.0,141.0
-59.0,170.0
-52.0,146.0
-67.0,201.0
-61.0,178.0
-81.0,274.0
-89.0,325.0
-77.0,248.0
-90.0,342.0
-88.0,320.0
-87.0,309.0
-90.0,342.0
-90.0,342.0
-90.0,342.0
-90.0,342.0
-86.0,306.0
-80.0,269.0
-78.0,254.0
-58.0,167.0
-57.0,162.0
-60.0,173.0
-59.0,172.0
-45.0,123.0
-38.0,101.0
-37.0,96.0
-38.0,101.0
-26.0,67.0
-19.0,46.0
-20.0,50.0
-19.0,46.0
-22.0,54.0
-19.0,46.0
-15.0,36.0
-17.0,43.0
-18.0,45.0
-19.0,46.0
-19.0,47.0
-20.0,49.0
-16.0,40.0
-16.0,40.0
-17.0,43.0
-19.0,48.0
-18.0,44.0
-17.0,43.0
-20.0,49.0
-18.0,45.0
-19.0,46.0
-17.0,43.0
-20.0,50.0
-19.0,46.0
-18.0,44.0
-18.0,45.0
-15.0,36.0
-16.0,39.0
-16.0,38.0
-13.0,32.0
-13.0,31.0
-14.0,33.0
-13.0,32.0
-12.0,28.0
-11.0,27.0
-12.0,29.0
-13.0,31.0
-11.0,26.0
-10.0,23.0
-10.0,23.0
-9.0,22.0
-10.0,25.0
-10.0,25.0
-10.0,24.0
-10.0,23.0
-12.0,29.0
-10.0,23.0
-10.0,24.0
-10.0,23.0
-10.0,25.0
-11.0,27.0
-9.0,22.0
-10.0,23.0
-9.0,21.0
-8.0,19.0
-9.0,21.0
-10.0,23.0
-7.0,17.0
-8.0,19.0
-8.0,18.0
-8.0,18.0
-6.0,14.0
-7.0,17.0
-8.0,18.0
-8.0,18.0
-6.0,14.0
-7.0,17.0
-8.0,18.0
-7.0,17.0
-6.0,15.0
-6.0,15.0
-8.0,18.0
-7.0,17.0
-7.0,17.0
-8.0,18.0
-8.0,19.0
-8.0,18.0
-7.0,17.0
-8.0,20.0
-8.0,19.0
-8.0,20.0
-8.0,18.0
-8.0,20.0
-9.0,21.0
-9.0,22.0
-9.0,22.0
-9.0,21.0
-10.0,24.0
-10.0,23.0
-10.0,25.0
-10.0,23.0
-7.0,17.0
-6.0,15.0
-6.0,15.0
-6.0,15.0
-5.0,12.0
-3.0,6.0
0.0,1.0
0.0,-1.0
1.0,-3.0
3.0,-6.0
5.0,-12.0
11.0,-26.0
14.0,-34.0
14.0,-34.0
15.0,-36.0
16.0,-39.0
16.0,-40.0
17.0,-43.0
19.0,-47.0
19.0,-47.0
18.0,-45.0
21.0,-53.0
21.0,-53.0
23.0,-57.0
26.0,-65.0
22.0,-54.0
22.0,-55.0
19.0,-46.0
22.0,-54.0
25.0,-64.0
25.0,-63.0
25.0,-64.0
26.0,-65.0
24.0,-61.0
26.0,-67.0
23.0,-58.0
24.0,-60.0
24.0,-59.0
26.0,-66.0
24.0,-59.0
25.0,-62.0
26.0,-65.0
25.0,-62.0
24.0,-60.0
25.0,-64.0
24.0,-61.0
24.0,-61.0
21.0,-52.0
22.0,-55.0
24.0,-60.0
24.0,-61.0
24.0,-59.0
25.0,-62.0
21.0,-52.0
22.0,-56.0
25.0,-62.0
23.0,-58.0
22.0,-54.0
21.0,-51.0
21.0,-51.0
21.0,-52.0
18.0,-44.0
19.0,-48.0
17.0,-43.0
16.0,-40.0
13.0,-32.0
12.0,-28.0
12.0,-28.0
8.0,-18.0
5.0,-11.0
3.0,-6.0
0.0,-1.0
-2.0,4.0
-3.0,6.0
-4.0,9.0
-8.0,18.0
-10.0,24.0
-10.0,25.0
-12.0,29.0
-13.0,32.0
-14.0,34.0
-15.0,37.0
-16.0,40.0
-13.0,32.0
-14.0,35.0
-17.0,43.0
-16.0,39.0
-15.0,36.0
-16.0,39.0
-16.0,39.0
-14.0,35.0
-17.0,42.0
-17.0,43.0
-18.0,45.0
-17.0,41.0
-16.0,39.0
-16.0,39.0
-17.0,41.0
-18.0,44.0
-17.0,43.0
-15.0,37.0
-17.0,43.0
-19.0,46.0
-17.0,43.0
-19.0,48.0
-17.0,43.0
-18.0,45.0
-18.0,44.0
-16.0,38.0
-16.0,40.0
-16.0,39.0
-13.0,32.0
-16.0,38.0
-14.0,34.0
-11.0,26.0
-8.0,19.0
-6.0,15.0
-5.0,12.0
0.0,1.0
2.0,-5.0
4.0,-10.0
8.0,-20.0
16.0,-39.0
21.0,-51.0
21.0,-51.0
21.0,-51.0
23.0,-57.0
22.0,-54.0
22.0,-54.0
26.0,-67.0
23.0,-57.0
22.0,-55.0
25.0,-62.0
23.0,-58.0
21.0,-53.0
20.0,-50.0
20.0,-50.0
19.0,-46.0
16.0,-39.0
16.0,-39.0
16.0,-38.0
13.0,-31.0
11.0,-26.0
8.0,-19.0
5.0,-12.0
1.0,-3.0
0.0,0.0
0.0,1.0
-1.0,3.0
-4.0,9.0
-7.0,17.0
-11.0,27.0
-13.0,31.0
-13.0,32.0
-14.0,35.0
-15.0,36.0
-16.0,39.0
-17.0,42.0
-17.0,42.0
-16.0,40.0
-18.0,45.0
-14.0,34.0
-17.0,43.0
-19.0,46.0
-19.0,46.0
-16.0,40.0
-19.0,48.0
-17.0,43.0
-17.0,42.0
-19.0,46.0
-14.0,34.0
-12.0,28.0
-13.0,31.0
-9.0,21.0
-6.0,14.0
-6.0,14.0
-4.0,9.0
1.0,-2.0
3.0,-7.0
5.0,-11.0
8.0,-20.0
15.0,-37.0
17.0,-43.0
19.0,-46.0
20.0,-49.0
20.0,-50.0
19.0,-48.0
17.0,-42.0
16.0,-40.0
17.0,-41.0
17.0,-41.0
15.0,-37.0
19.0,-47.0
16.0,-40.0
12.0,-28.0
12.0,-28.0
10.0,-24.0
8.0,-18.0
5.0,-12.0
3.0,-7.0
0.0,-1.0
-1.0,3.0
-2.0,5.0
-4.0,9.0
-7.0,17.0
-12.0,28.0
-12.0,30.0
-13.0,31.0
-13.0,31.0
-15.0,37.0
-16.0,40.0
-19.0,48.0
-16.0,39.0
-17.0,43.0
-18.0,45.0
-18.0,45.0
-21.0,52.0
-16.0,40.0
-18.0,45.0
-18.0,44.0
-17.0,41.0
-17.0,42.0
-23.0,57.0
-21.0,52.0
-16.0,39.0
-18.0,44.0
-18.0,44.0
-17.0,43.0
-18.0,45.0
-18.0,45.0
-16.0,40.0
-18.0,45.0
-18.0,44.0
-17.0,42.0
-19.0,47.0
-18.0,45.0
-19.0,48.0
-15.0,37.0
-18.0,44.0
-18.0,45.0
-17.0,42.0
-19.0,47.0
-21.0,53.0
-18.0,44.0
-21.0,51.0
-19.0,48.0
-21.0,51.0
-19.0,48.0
-19.0,48.0
-14.0,35.0
-16.0,39.0
-18.0,45.0
-19.0,47.0
-17.0,41.0
-22.0,54.0
-21.0,53.0
-21.0,53.0
-20.0,50.0
-17.0,43.0
-17.0,42.0
-17.0,43.0
-20.0,50.0
-15.0,37.0
-16.0,40.0
-16.0,39.0
-18.0,45.0
-16.0,40.0
-16.0,40.0
-17.0,43.0
-17.0,43.0
-18.0,44.0
-17.0,42.0
-18.0,44.0
-16.0,38.0
-16.0,40.0
-16.0,40.0
-17.0,42.0
-15.0,37.0
-18.0,44.0
-18.0,45.0
-14.0,35.0
-15.0,36.0
-17.0,42.0
-18.0,45.0
-15.0,37.0
-16.0,39.0
-17.0,42.0
-16.0,39.0
-16.0,39.0
-16.0,39.0
-14.0,34.0
-12.0,30.0
-16.0,39.0
-16.0,39.0
-17.0,42.0
-16.0,39.0
-14.0,34.0
-14.0,34.0
-16.0,40.0
-12.0,28.0
-14.0,35.0
-12.0,30.0
-16.0,38.0
-13.0,31.0
-12.0,30.0
-12.0,29.0
-12.0,30.0
-12.0,29.0
-12.0,28.0
-13.0,32.0
-10.0,25.0
-11.0,26.0
-12.0,28.0
-11.0,26.0
-13.0,31.0
-12.0,28.0
-11.0,27.0
-11.0,26.0
-13.0,31.0
-12.0,28.0
-12.0,28.0
-12.0,28.0
-10.0,24.0
-12.0,29.0
-13.0,32.0
-9.0,21.0
-11.0,27.0
-12.0,28.0
-12.0,29.0
-12.0,28.0
-11.0,27.0
-12.0,28.0
-12.0,29.0
-11.0,26.0
-11.0,26.0
-10.0,25.0
-10.0,24.0
-11.0,26.0
-12.0,28.0
-12.0,28.0
-10.0,25.0
-11.0,27.0
-10.0,23.0
-12.0,28.0
-11.0,26.0
-9.0,22.0
-12.0,28.0
-10.0,25.0
-10.0,23.0
-10.0,24.0
-11.0,26.0
-11.0,26.0
-10.0,25.0
-10.0,23.0
-10.0,24.0
-11.0,27.0
-11.0,26.0
-10.0,25.0
-10.0,25.0
-10.0,25.0
-10.0,25.0
-11.0,26.0
-10.0,25.0
-10.0,25.0
-9.0,21.0
-8.0,20.0
-9.0,21.0
-10.0,23.0
-9.0,21.0
-9.0,21.0
-9.0,21.0
-10.0,25.0
-8.0,20.0
-10.0,23.0
-9.0,21.0
-10.0,23.0
-8.0,20.0
-11.0,26.0
-10.0,23.0
-10.0,25.0
-9.0,21.0
-11.0,26.0
-10.0,23.0
-9.0,21.0
-8.0,20.0
-10.0,25.0
-11.0,26.0
-10.0,23.0
-10.0,24.0
-9.0,22.0
-9.0,22.0
-10.0,23.0
-10.0,25.0
-8.0,19.0
-10.0,23.0
-11.0,26.0
-9.0,21.0
-8.0,19.0
-9.0,22.0
-8.0,20.0
-10.0,23.0
-10.0,24.0
-10.0,25.0
-11.0,26.0
-8.0,18.0
-9.0,21.0
-10.0,25.0
-9.0,22.0
-8.0,20.0
-9.0,21.0
-10.0,23.0
-8.0,19.0
-8.0,19.0
-10.0,23.0
-8.0,20.0
-9.0,21.0
-9.0,21.0
-9.0,22.0
-7.0,17.0
-8.0,18.0
-8.0,18.0
-8.0,19.0
-8.0,19.0
-6.0,15.0
-5.0,12.0
-6.0,15.0
-7.0,17.0
-6.0,15.0
-6.0,14.0
-6.0,14.0
-6.0,15.0
-6.0,14.0
-5.0,13.0
-5.0,12.0
-5.0,12.0
-6.0,14.0
-6.0,15.0
-6.0,14.0
-5.0,12.0
-5.0,12.0
-6.0,14.0
-5.0,13.0
-5.0,12.0
-5.0,11.0
-5.0,11.0
-4.0,10.0
-5.0,13.0
-5.0,12.0
-4.0,10.0
-4.0,9.0
-4.0,10.0
-4.0,9.0
-3.0,8.0
-3.0,7.0
-4.0,9.0
-4.0,10.0
-4.0,9.0
-3.0,7.0
-3.0,7.0
-4.0,9.0
-3.0,7.0
-3.0,7.0
-3.0,6.0
-3.0,7.0
-3.0,7.0
-3.0,6.0
-2.0,5.0
-3.0,6.0
-2.0,5.0
-2.0,5.0
-2.0,4.0
-2.0,4.0
-2.0,4.0
-2.0,4.0
-2.0,4.0
-2.0,4.0
-2.0,4.0
-2.0,4.0
-1.0,3.0
-2.0,4.0
-1.0,3.0
-1.0,3.0
-1.0,3.0
-1.0,3.0
-1.0,3.0
-2.0,4.0
-1.0,3.0
0.0,1.0
0.0,1.0
0.0,1.0
0.0,1.0
0.0,1.0
0.0,1.0
0.0,1.0
0.0,0.0
0.0,0.0
0.0,0.0
0.0,0.0
0.0,0.0
0.0,-1.0
0.0,0.0
0.0,-1.0
0.0,-1.0
2.0,-4.0
3.0,-7.0
4.0,-10.0
5.0,-13.0
6.0,-14.0
6.0,-15.0
6.0,-14.0
6.0,-15.0
7.0,-16.0
7.0,-16.0
8.0,-18.0
8.0,-18.0
8.0,-18.0
8.0,-19.0
7.0,-17.0
8.0,-18.0
8.0,-20.0
8.0,-20.0
8.0,-20.0
9.0,-21.0
10.0,-25.0
10.0,-24.0
10.0,-23.0
10.0,-25.0
11.0,-26.0
11.0,-26.0
11.0,-27.0
11.0,-26.0
12.0,-28.0
12.0,-29.0
12.0,-29.0
12.0,-28.0
12.0,-28.0
11.0,-26.0
11.0,-27.0
12.0,-29.0
12.0,-29.0
12.0,-29.0
12.0,-29.0
12.0,-29.0
12.0,-29.0
12.0,-29.0
12.0,-30.0
13.0,-31.0
13.0,-32.0
13.0,-31.0
12.0,-30.0
13.0,-31.0
13.0,-32.0
13.0,-32.0
14.0,-33.0
13.0,-32.0
13.0,-31.0
14.0,-34.0
14.0,-34.0
14.0,-34.0
13.0,-32.0
14.0,-35.0
16.0,-39.0
14.0,-35.0
15.0,-36.0
16.0,-39.0
14.0,-35.0
15.0,-36.0
16.0,-39.0
14.0,-35.0
14.0,-35.0
15.0,-37.0
15.0,-37.0
15.0,-36.0
14.0,-34.0
14.0,-35.0
14.0,-35.0
14.0,-34.0
15.0,-37.0
14.0,-35.0
14.0,-35.0
15.0,-37.0
15.0,-37.0
13.0,-32.0
14.0,-35.0
16.0,-40.0
14.0,-35.0
14.0,-35.0
14.0,-33.0
13.0,-32.0
14.0,-34.0
13.0,-32.0
13.0,-32.0
14.0,-34.0
12.0,-29.0
13.0,-32.0
14.0,-33.0
13.0,-31.0
12.0,-29.0
13.0,-32.0
12.0,-28.0
13.0,-32.0
12.0,-28.0
12.0,-28.0
13.0,-31.0
13.0,-31.0
12.0,-29.0
14.0,-33.0
13.0,-32.0
13.0,-31.0
12.0,-29.0
13.0,-31.0
12.0,-29.0
12.0,-29.0
13.0,-31.0
13.0,-31.0
12.0,-29.0
13.0,-31.0
12.0,-29.0
14.0,-34.0
12.0,-29.0
12.0,-30.0
12.0,-29.0
14.0,-33.0
13.0,-31.0
14.0,-33.0
13.0,-31.0
14.0,-34.0
13.0,-31.0
14.0,-34.0
13.0,-32.0
13.0,-32.0
13.0,-32.0
13.0,-32.0
13.0,-32.0
12.0,-29.0
13.0,-31.0
13.0,-32.0
12.0,-29.0
12.0,-28.0
14.0,-34.0
13.0,-31.0
12.0,-29.0
14.0,-35.0
13.0,-32.0
13.0,-31.0
13.0,-31.0
14.0,-33.0
13.0,-31.0
13.0,-32.0
13.0,-32.0
12.0,-28.0
12.0,-28.0
12.0,-28.0
12.0,-28.0
12.0,-29.0
12.0,-28.0
12.0,-29.0
12.0,-29.0
12.0,-29.0
12.0,-29.0
13.0,-32.0
12.0,-28.0
11.0,-27.0
12.0,-28.0
11.0,-26.0
13.0,-31.0
11.0,-27.0
12.0,-29.0
14.0,-33.0
13.0,-32.0
13.0,-31.0
13.0,-32.0
14.0,-33.0
14.0,-34.0
14.0,-34.0
14.0,-33.0
13.0,-32.0
14.0,-35.0
13.0,-32.0
12.0,-28.0
13.0,-32.0
15.0,-36.0
12.0,-29.0
12.0,-28.0
11.0,-26.0
13.0,-32.0
12.0,-29.0
12.0,-28.0
12.0,-30.0
12.0,-28.0
12.0,-29.0
11.0,-26.0
12.0,-29.0
12.0,-29.0
13.0,-32.0
12.0,-29.0
12.0,-28.0
12.0,-29.0
12.0,-29.0
12.0,-28.0
10.0,-23.0
12.0,-28.0
12.0,-29.0
10.0,-24.0
12.0,-29.0
11.0,-26.0
10.0,-25.0
11.0,-26.0
11.0,-26.0
10.0,-24.0
11.0,-27.0
10.0,-25.0
11.0,-26.0
11.0,-26.0
12.0,-29.0
11.0,-26.0
11.0,-26.0
12.0,-29.0
12.0,-28.0
10.0,-25.0
11.0,-27.0
12.0,-28.0
11.0,-27.0
10.0,-23.0
10.0,-23.0
10.0,-24.0
10.0,-23.0
10.0,-23.0
10.0,-23.0
9.0,-22.0
9.0,-21.0
9.0,-21.0
8.0,-20.0
8.0,-18.0
8.0,-18.0
7.0,-17.0
7.0,-16.0
6.0,-15.0
6.0,-14.0
5.0,-12.0
4.0,-10.0
3.0,-8.0
3.0,-6.0
1.0,-3.0
0.0,-1.0
0.0,0.0
0.0,1.0
0.0,1.0
0.0,1.0
0.0,1.0
-2.0,4.0
-3.0,6.0
-4.0,9.0
-4.0,9.0
-6.0,14.0
-6.0,15.0
-8.0,18.0
-7.0,16.0
-6.0,14.0
-7.0,17.0
-8.0,19.0
-8.0,18.0
-8.0,19.0
-8.0,20.0
-9.0,22.0
-8.0,20.0
-9.0,22.0
-9.0,22.0
-8.0,20.0
-9.0,21.0
-8.0,18.0
-8.0,18.0
-8.0,18.0
-8.0,20.0
-7.0,16.0
-7.0,16.0
-8.0,19.0
-6.0,15.0
-6.0,14.0
-6.0,14.0
-5.0,13.0
-7.0,17.0
-6.0,15.0
-6.0,14.0
-7.0,16.0
-6.0,15.0
-6.0,14.0
-6.0,14.0
-6.0,15.0
-8.0,18.0
-6.0,15.0
-8.0,18.0
-8.0,18.0
-8.0,18.0
-9.0,21.0
-8.0,19.0
-8.0,20.0
-8.0,20.0
-9.0,21.0
-10.0,23.0
-10.0,23.0
-10.0,25.0
-9.0,22.0
-10.0,25.0
-11.0,26.0
-9.0,21.0
-10.0,23.0
-11.0,26.0
-12.0,29.0
-11.0,26.0
-9.0,22.0
-13.0,31.0
-13.0,31.0
-12.0,28.0
-11.0,27.0
-13.0,31.0
-12.0,29.0
-12.0,28.0
-12.0,30.0
-15.0,37.0
-10.0,25.0
-11.0,27.0
-12.0,30.0
-13.0,31.0
-10.0,23.0
-12.0,30.0
-13.0,31.0
-11.0,27.0
-10.0,25.0
-12.0,29.0
-12.0,30.0
-11.0,26.0
-12.0,28.0
-13.0,31.0
-13.0,31.0
-14.0,35.0
-12.0,28.0
-13.0,31.0
-14.0,35.0
-12.0,29.0
-11.0,27.0
-12.0,28.0
-13.0,32.0
-13.0,32.0
-12.0,28.0
-15.0,37.0
-13.0,32.0
-14.0,34.0
-14.0,34.0
-14.0,34.0
-12.0,29.0
-15.0,37.0
-14.0,35.0
-13.0,31.0
-15.0,37.0
-13.0,31.0
-14.0,34.0
-14.0,34.0
-13.0,31.0
-16.0,39.0
-14.0,35.0
-14.0,34.0
-15.0,36.0
-12.0,29.0
-13.0,32.0
-14.0,33.0
-14.0,35.0
-12.0,30.0
-12.0,28.0
-14.0,34.0
-12.0,28.0
-13.0,32.0
-12.0,28.0
-9.0,21.0
-13.0,32.0
-12.0,28.0
-12.0,28.0
-10.0,25.0
-10.0,23.0
-10.0,25.0
-11.0,26.0
-9.0,21.0
-10.0,25.0
-11.0,26.0
-8.0,18.0
-9.0,22.0
-10.0,25.0
-8.0,19.0
-10.0,24.0
-11.0,26.0
-10.0,25.0
-10.0,25.0
-9.0,21.0
-10.0,23.0
-11.0,26.0
-10.0,24.0
-10.0,23.0
-10.0,23.0
-8.0,20.0
-9.0,21.0
-10.0,25.0
-9.0,21.0
-10.0,25.0
-10.0,25.0
-11.0,26.0
-9.0,22.0
-8.0,18.0
-11.0,26.0
-9.0,21.0
-9.0,22.0
-8.0,19.0
-9.0,22.0
-10.0,23.0
-8.0,20.0
-8.0,20.0
-9.0,21.0
-8.0,20.0
-8.0,19.0
-6.0,15.0
-9.0,21.0
-8.0,20.0
-7.0,17.0
-7.0,17.0
-8.0,18.0
-7.0,17.0
-6.0,15.0
-6.0,14.0
-4.0,10.0
-6.0,14.0
-6.0,14.0
-5.0,11.0
-4.0,9.0
-4.0,10.0
-4.0,9.0
-2.0,5.0
-2.0,4.0
-2.0,5.0
-2.0,4.0
-1.0,3.0
-1.0,3.0
-1.0,2.0
0.0,1.0
0.0,0.0
0.0,1.0
0.0,0.0
0.0,1.0
0.0,1.0
0.0,0.0
0.0,0.0
0.0,1.0
0.0,0.0
0.0,0.0
0.0,0.0
0.0,0.0
0.0,0.0
0.0,0.0
0.0,0.0
0.0,0.0
0.0,0.0
0.0,0.0
0.0,0.0
0.0,0.0
0.0,0.0
0.0,-1.0
0.0,0.0
0.0,0.0
0.0,0.0
0.0,0.0
0.0,0.0
0.0,0.0
0.0,0.0
0.0,0.0
0.0,-1.0
0.0,-1.0
0.0,0.0
0.0,0.0
0.0,0.0
0.0,0.0
0.0,0.0
0.0,0.0
0.0,0.0
0.0,0.0
0.0,0.0
0.0,-1.0
0.0,0.0
0.0,0.0
0.0,0.0
0.0,-1.0
0.0,-1.0
0.0,-1.0
0.0,0.0
0.0,0.0
0.0,0.0
0.0,0.0
0.0,0.0
0.0,0.0
0.0,0.0
0.0,0.0
0.0,0.0
0.0,0.0
0.0,0.0
0.0,0.0
0.0,0.0
0.0,0.0
0.0,0.0
0.0,0.0
0.0,0.0
0.0,0.0
0.0,0.0
0.0,0.0
0.0,0.0
0.0,0.0
0.0,0.0
0.0,0.0
0.0,-1.0
0.0,-1.0
0.0,0.0
1.0,-3.0
0.0,1.0
1.0,-2.0
0.0,0.0
0.0,0.0
0.0,0.0
0.0,0.0
0.0,0.0
0.0,0.0
0.0,0.0
0.0,0.0
0.0,0.0
0.0,0.0
0.0,0.0
0.0,0.0
0.0,0.0
0.0,0.0
0.0,0.0
0.0,0.0
0.0,0.0
0.0,0.0
0.0,0.0
0.0,0.0
0.0,0.0
0.0,0.0
0.0,0.0
0.0,0.0
0.0,0.0
0.0,1.0
0.0,0.0
0.0,0.0
0.0,0.0
0.0,0.0
0.0,0.0
0.0,0.0
0.0,0.0
0.0,0.0
0.0,0.0
0.0,0.0
0.0,0.0
0.0,0.0
0.0,0.0
0.0,0.0
