0.298375,0.5292680000000001
0.34225,0.5378879999999999
0.34225,0.605124
0.34225,0.605124
0.34225,0.605124
0.34225,0.605124
0.34225,0.605124
0.23074999999999996,0.7051160000000001
0.32574999999999993,0.613744
0.30449999999999994,0.562024
0.34225,0.66374
0.2562499999999999,0.739596
0.21912499999999996,0.5378879999999999
0.34225,0.687876
0.313,0.68098
0.21362499999999995,0.562024
0.34225,0.7809719999999999
0.34225,0.7309760000000001
0.23562499999999992,0.5792639999999999
0.34225,0.6292599999999999
0.34225,0.6292599999999999
0.34225,0.713736
0.23312499999999997,0.605124
0.331875,0.5465079999999999
0.2795,0.6465
0.34225,0.6292599999999999
0.269125,0.613744
0.34225,0.66374
0.20749999999999996,0.605124
0.2934999999999999,0.696496
0.338625,0.7051160000000001
0.29475,0.613744
0.34225,0.7051160000000001
0.34225,0.7051160000000001
0.33974999999999994,0.613744
0.18262499999999998,0.6723600000000001
0.26599999999999996,0.7223560000000001
0.34225,0.687876
0.34225,0.6465
0.312375,0.613744
0.34225,0.587884
0.34225,0.605124
0.34225,0.66374
0.34225,0.7809719999999999
0.18374999999999997,0.5965039999999999
0.34225,0.6465
0.20999999999999996,0.62064
0.2795,0.713736
0.34225,0.5292680000000001
0.34225,0.587884
0.14962499999999995,0.68098
0.27575,0.63788
0.34225,0.5792639999999999
0.34225,0.5706439999999999
0.34225,0.65512
0.22462500000000002,0.696496
0.34225,0.62064
0.07774999999999999,0.5965039999999999
0.34225,0.562024
0.23799999999999993,0.65512
0.2685,0.6292599999999999
0.34225,0.7482160000000001
0.10762499999999997,0.7051160000000001
0.25875,0.6465
0.34225,0.7051160000000001
0.26362499999999994,0.687876
0.270375,0.5792639999999999
0.34225,0.7637319999999999
0.285,0.739596
0.34225,0.63788
0.2405,0.713736
0.21362499999999995,0.62064
0.34225,0.68098
0.34225,0.605124
0.34225,0.6465
0.34225,0.587884
0.34225,0.6723600000000001
0.299,0.5292680000000001
0.23625000000000002,0.7223560000000001
0.31912499999999994,0.7223560000000001
0.2532499999999999,0.696496
0.34225,0.5465079999999999
0.341625,0.6292599999999999
0.2934999999999999,0.7637319999999999
0.286125,0.5706439999999999
0.34225,0.613744
0.34225,0.696496
0.290375,0.7051160000000001
0.20087499999999997,0.687876
0.34225,0.613744
0.34225,0.613744
0.32449999999999996,0.6723600000000001
0.34225,0.65512
0.33674999999999994,0.5792639999999999
0.34225,0.6465
0.29775,0.5706439999999999
0.31725,0.63788
0.316,0.713736
0.34225,0.5378879999999999
0.27824999999999994,0.713736
0.2545,0.5292680000000001
0.34225,0.68098
0.341625,0.739596
0.2575,0.41893199999999997
0.34225,0.65512
0.26975,0.7051160000000001
0.34225,0.687876
0.32574999999999993,0.62064
0.301375,0.65512
0.21549999999999997,0.5534039999999999
0.34225,0.613744
0.34225,0.65512
0.34225,0.696496
0.34225,0.5792639999999999
0.34225,0.6292599999999999
0.16424999999999995,0.7309760000000001
0.294125,0.5292680000000001
0.34225,0.6723600000000001
0.316,0.6723600000000001
0.26299999999999996,0.7309760000000001
0.34225,0.65512
0.288,0.6723600000000001
0.22399999999999992,0.5292680000000001
0.34225,0.687876
0.34225,0.7482160000000001
0.34225,0.5534039999999999
0.32087499999999997,0.713736
0.22949999999999998,0.6723600000000001
0.34225,0.6292599999999999
0.34225,0.7223560000000001
0.29649999999999993,0.65512
0.34225,0.49478800000000006
0.34225,0.822348
0.30875,0.605124
0.288,0.5706439999999999
0.34225,0.7051160000000001
0.13874999999999998,0.696496
0.31912499999999994,0.5378879999999999
0.34225,0.5792639999999999
0.29224999999999995,0.7551119999999999
0.08999999999999997,0.605124
0.23074999999999996,0.5034080000000001
0.270375,0.63788
0.21675,0.7223560000000001
0.34225,0.5206480000000001
0.34225,0.6465
0.34225,0.562024
0.34225,0.587884
0.34225,0.66374
0.34225,0.7051160000000001
0.185,0.687876
0.34225,0.65512
0.31849999999999995,0.5034080000000001
0.34225,0.7051160000000001
0.25575,0.6292599999999999
0.3373749999999999,0.68098
0.324,0.605124
0.341625,0.696496
0.16062499999999996,0.7309760000000001
0.34225,0.65512
0.34225,0.68098
0.34225,0.7809719999999999
0.276375,0.5792639999999999
0.33974999999999994,0.7309760000000001
0.31425,0.5292680000000001
0.341625,0.7223560000000001
0.239875,0.6292599999999999
0.34225,0.65512
0.34225,0.5534039999999999
0.34225,0.562024
0.34225,0.5792639999999999
0.34225,0.713736
0.34225,0.62064
0.341625,0.605124
0.324,0.68098
0.34225,0.66374
0.32149999999999995,0.587884
0.34225,0.5965039999999999
0.34225,0.65512
0.3373749999999999,0.63788
0.34225,0.62064
0.34225,0.605124
0.34225,0.605124
0.17587499999999995,0.806832
0.28375,0.68098
0.15275,0.5792639999999999
0.34225,0.68098
0.17462499999999997,0.65512
0.29712500000000003,0.7309760000000001
0.34225,0.66374
0.29712500000000003,0.63788
0.305,0.6723600000000001
0.313625,0.605124
0.34225,0.6292599999999999
0.315375,0.7223560000000001
0.29475,0.5378879999999999
0.34225,0.7309760000000001
0.34225,0.687876
0.34225,0.49478800000000006
0.34225,0.68098
0.29224999999999995,0.5706439999999999
0.34225,0.63788
0.3373749999999999,0.62064
0.17587499999999995,0.7809719999999999
0.2795,0.613744
0.34225,0.65512
0.283125,0.687876
0.26362499999999994,0.6723600000000001
0.34225,0.5378879999999999
0.34225,0.7051160000000001
0.19599999999999995,0.5534039999999999
0.34225,0.5034080000000001
0.34225,0.687876
0.34225,0.6292599999999999
0.29587499999999994,0.605124
0.34225,0.739596
0.34225,0.66374
0.34225,0.613744
0.33612499999999995,0.687876
0.10212499999999997,0.5378879999999999
0.34225,0.6465
0.34225,0.7051160000000001
0.34225,0.62064
0.08625,0.6292599999999999
0.31112499999999993,0.7223560000000001
0.34225,0.66374
0.34225,0.5792639999999999
0.34225,0.7051160000000001
0.30687499999999995,0.562024
0.34225,0.47927200000000003
0.167375,0.68098
0.132625,0.5792639999999999
0.34225,0.696496
0.28375,0.68098
0.27462499999999995,0.512028
0.34225,0.68098
0.138125,0.7309760000000001
0.3227499999999999,0.6292599999999999
0.3373749999999999,0.66374
0.34225,0.713736
0.22274999999999995,0.696496
0.26424999999999993,0.65512
0.33974999999999994,0.66374
0.34225,0.63788
0.34225,0.7051160000000001
0.21787499999999999,0.7637319999999999
0.34225,0.62064
0.27575,0.696496
0.31175,0.687876
0.16549999999999998,0.605124
0.34225,0.696496
0.08324999999999999,0.66374
0.34225,0.68098
0.34225,0.63788
0.0595,0.5534039999999999
0.28987499999999994,0.7482160000000001
0.33674999999999994,0.6465
0.2708749999999999,0.6292599999999999
0.34225,0.7051160000000001
0.21912499999999996,0.62064
0.16124999999999995,0.696496
0.31112499999999993,0.7223560000000001
0.34225,0.7551119999999999
0.34225,0.5792639999999999
0.22037499999999993,0.5034080000000001
0.272125,0.5378879999999999
0.324,0.806832
0.27699999999999997,0.6292599999999999
0.261125,0.5792639999999999
0.34225,0.7309760000000001
0.34225,0.7482160000000001
0.302625,0.562024
0.239875,0.5534039999999999
0.34225,0.7051160000000001
0.34225,0.605124
0.34225,0.6723600000000001
0.34225,0.613744
0.25199999999999995,0.65512
0.34225,0.7223560000000001
0.291,0.68098
0.34225,0.6292599999999999
0.34225,0.613744
0.34225,0.5706439999999999
0.341,0.7982119999999999
0.331875,0.5706439999999999
0.338,0.6723600000000001
0.34225,0.613744
0.25575,0.5534039999999999
0.33125,0.739596
0.34225,0.5034080000000001
0.33425,0.5706439999999999
0.23074999999999996,0.68098
0.261125,0.6292599999999999
0.34225,0.66374
0.258125,0.6292599999999999
0.34225,0.6292599999999999
0.34225,0.5965039999999999
0.32825,0.6292599999999999
0.253875,0.6292599999999999
0.290375,0.6465
0.21549999999999997,0.605124
0.21725,0.5792639999999999
0.34225,0.65512
0.341625,0.7051160000000001
0.20637499999999998,0.613744
0.34225,0.63788
0.34225,0.7309760000000001
0.2575,0.605124
0.130125,0.6292599999999999
0.31787499999999996,0.7051160000000001
0.19174999999999998,0.5792639999999999
0.34225,0.5378879999999999
0.34225,0.5534039999999999
0.34225,0.605124
0.341625,0.5534039999999999
0.253875,0.68098
0.26362499999999994,0.5378879999999999
0.34225,0.5706439999999999
0.33974999999999994,0.687876
0.23737499999999995,0.6292599999999999
0.299,0.6465
0.30875,0.739596
0.34225,0.587884
0.30387499999999995,0.68098
0.32212499999999994,0.6292599999999999
-0.05625000000000002,0.5206480000000001
0.34225,0.613744
0.34225,0.605124
0.34225,0.7482160000000001
0.225875,0.6292599999999999
0.328875,0.7051160000000001
0.26062499999999994,0.65512
0.34225,0.68098
0.30449999999999994,0.63788
0.34225,0.6465
0.299625,0.6723600000000001
0.31725,0.7309760000000001
0.29587499999999994,0.66374
0.34225,0.687876
0.312375,0.687876
0.2715,0.7051160000000001
0.231875,0.7223560000000001
0.27575,0.66374
0.26424999999999993,0.65512
0.305,0.7982119999999999
0.27887499999999993,0.605124
0.34225,0.7223560000000001
0.2575,0.63788
0.34225,0.5792639999999999
0.33674999999999994,0.7051160000000001
0.31049999999999994,0.62064
0.33612499999999995,0.7309760000000001
0.3403749999999999,0.68098
0.22762500000000002,0.605124
0.34225,0.7309760000000001
0.3147499999999999,0.713736
0.34225,0.5965039999999999
0.22399999999999992,0.7051160000000001
0.256875,0.68098
0.25025000000000003,0.5792639999999999
0.312375,0.7723519999999999
0.31175,0.65512
0.28375,0.5292680000000001
0.21549999999999997,0.68098
0.28187499999999993,0.562024
0.29287499999999994,0.687876
0.24474999999999997,0.6465
0.34225,0.562024
0.34225,0.7223560000000001
0.22525,0.613744
0.24225000000000002,0.605124
0.291,0.62064
0.34225,0.62064
0.26975,0.6465
0.34225,0.65512
0.34225,0.687876
0.290375,0.613744
0.33374999999999994,0.687876
0.34225,0.6292599999999999
0.34225,0.7223560000000001
0.22949999999999998,0.587884
0.32149999999999995,0.66374
0.34225,0.587884
0.34225,0.6292599999999999
0.283125,0.68098
0.33612499999999995,0.6465
0.2685,0.7551119999999999
0.34225,0.48616800000000004
0.338625,0.7637319999999999
0.12837499999999996,0.5792639999999999
0.27699999999999997,0.7051160000000001
0.34225,0.65512
0.25937499999999997,0.5965039999999999
0.34225,0.68098
0.27824999999999994,0.687876
0.34225,0.65512
0.34225,0.68098
0.22699999999999992,0.6465
0.33,0.613744
0.338625,0.62064
0.34225,0.605124
0.29712500000000003,0.65512
0.34225,0.7051160000000001
0.28062499999999996,0.6465
0.34225,0.739596
0.239875,0.6723600000000001
0.30387499999999995,0.66374
0.34225,0.66374
0.34225,0.7482160000000001
0.22399999999999992,0.68098
0.34225,0.66374
0.341625,0.713736
0.19537499999999997,0.62064
0.34225,0.63788
0.21912499999999996,0.68098
0.256875,0.605124
0.316625,0.696496
0.32574999999999993,0.6292599999999999
0.34225,0.65512
0.22949999999999998,0.6292599999999999
0.29712500000000003,0.6465
0.23374999999999996,0.562024
0.26599999999999996,0.605124
0.34225,0.66374
0.34225,0.687876
0.34225,0.7551119999999999
0.23012499999999997,0.687876
0.2685,0.6465
0.34225,0.68098
0.09487499999999999,0.66374
0.34225,0.65512
0.330625,0.7982119999999999
0.34225,0.5792639999999999
0.34225,0.562024
0.33374999999999994,0.605124
0.34225,0.5465079999999999
0.285,0.605124
0.34225,0.62064
0.34225,0.7809719999999999
0.34225,0.605124
0.30687499999999995,0.605124
0.23437499999999994,0.512028
0.34225,0.65512
0.29712500000000003,0.7637319999999999
0.18562499999999998,0.713736
0.231875,0.605124
0.34225,0.605124
0.27699999999999997,0.7223560000000001
0.30875,0.6292599999999999
0.34225,0.5792639999999999
0.34225,0.687876
0.3001249999999999,0.5534039999999999
0.13437499999999997,0.66374
0.31725,0.65512
0.34225,0.739596
0.31112499999999993,0.5706439999999999
0.327,0.65512
0.34225,0.562024
0.34225,0.7551119999999999
0.305625,0.6292599999999999
0.34225,0.63788
0.23312499999999997,0.7482160000000001
0.108875,0.6723600000000001
0.34225,0.68098
0.34225,0.7051160000000001
0.24112499999999998,0.5792639999999999
0.30324999999999996,0.7723519999999999
0.22037499999999993,0.7637319999999999
0.30387499999999995,0.562024
0.34225,0.739596
0.34225,0.65512
0.30075,0.63788
0.34225,0.66374
0.283125,0.68098
0.34225,0.5534039999999999
0.2405,0.6723600000000001
0.33549999999999996,0.48616800000000004
0.34225,0.6465
0.34225,0.65512
0.34225,0.47927200000000003
0.24712499999999998,0.6465
0.290375,0.587884
0.34225,0.739596
0.285,0.6723600000000001
0.2795,0.6465
0.287375,0.68098
0.34225,0.5706439999999999
0.261125,0.68098
0.34225,0.6465
0.28187499999999993,0.815452
0.32025,0.7051160000000001
0.3081249999999999,0.5465079999999999
0.34225,0.68098
0.264875,0.7551119999999999
0.34225,0.6292599999999999
0.3403749999999999,0.739596
0.29587499999999994,0.7051160000000001
0.341625,0.5792639999999999
0.34225,0.66374
0.34225,0.65512
0.13624999999999998,0.605124
0.34225,0.7482160000000001
0.34225,0.739596
0.34225,0.687876
0.25262499999999993,0.68098
0.34225,0.5534039999999999
0.22337499999999993,0.5534039999999999
0.34225,0.5378879999999999
0.34225,0.6292599999999999
0.23249999999999998,0.5792639999999999
0.34225,0.7809719999999999
0.34225,0.63788
0.34225,0.5534039999999999
0.34225,0.66374
0.28675,0.66374
0.23799999999999993,0.7051160000000001
0.26362499999999994,0.7051160000000001
0.34225,0.65512
0.24599999999999994,0.789592
0.34225,0.444792
0.26424999999999993,0.7309760000000001
0.33249999999999996,0.7809719999999999
0.22649999999999998,0.696496
0.34225,0.696496
0.34225,0.5792639999999999
0.305,0.7051160000000001
0.34225,0.6292599999999999
0.22949999999999998,0.7809719999999999
0.34225,0.65512
0.28187499999999993,0.68098
0.23625000000000002,0.696496
0.14662499999999995,0.605124
0.34225,0.68098
0.34225,0.8309679999999999
0.34225,0.5292680000000001
0.2532499999999999,0.63788
0.23674999999999996,0.65512
0.26175,0.587884
0.291,0.66374
0.34225,0.587884
0.34225,0.512028
0.34225,0.7223560000000001
0.34225,0.687876
0.280125,0.5292680000000001
0.33425,0.49478800000000006
0.256875,0.7223560000000001
0.2715,0.6465
0.34225,0.7637319999999999
0.18012499999999998,0.696496
0.14412499999999995,0.7051160000000001
0.34225,0.562024
0.34225,0.713736
0.25937499999999997,0.65512
0.31912499999999994,0.5206480000000001
0.21912499999999996,0.5965039999999999
0.291,0.7051160000000001
0.34225,0.5206480000000001
0.34225,0.687876
0.21549999999999997,0.587884
0.34225,0.6465
0.24837499999999996,0.6723600000000001
0.23137499999999994,0.6465
0.34225,0.5792639999999999
0.34225,0.7051160000000001
0.23674999999999996,0.605124
0.32149999999999995,0.5534039999999999
0.341625,0.62064
0.299625,0.7551119999999999
0.33549999999999996,0.687876
0.22525,0.6292599999999999
0.341625,0.6465
0.34225,0.605124
0.33912499999999995,0.68098
0.27462499999999995,0.696496
0.34225,0.6723600000000001
0.34225,0.7051160000000001
0.284375,0.5792639999999999
0.22099999999999992,0.470652
0.17524999999999996,0.68098
0.334875,0.713736
0.07349999999999995,0.5792639999999999
0.330625,0.63788
0.299625,0.613744
0.1875,0.65512
0.3373749999999999,0.6723600000000001
0.34225,0.6292599999999999
0.26662499999999995,0.68098
0.34225,0.5965039999999999
0.34225,0.7051160000000001
0.34225,0.7051160000000001
-0.03987500000000002,0.48616800000000004
0.27762499999999996,0.806832
0.24712499999999998,0.7809719999999999
0.31912499999999994,0.62064
0.34225,0.7051160000000001
0.21362499999999995,0.7051160000000001
0.34225,0.5034080000000001
0.34225,0.5965039999999999
0.34225,0.739596
0.34225,0.5378879999999999
0.228875,0.62064
0.26175,0.7809719999999999
0.34225,0.605124
0.34225,0.7309760000000001
0.14475,0.47927200000000003
0.33125,0.68098
0.23437499999999994,0.62064
0.272125,0.6292599999999999
0.34225,0.65512
0.06987499999999996,0.68098
0.34225,0.7051160000000001
0.26175,0.6465
0.34225,0.5534039999999999
0.34225,0.7809719999999999
0.34225,0.713736
0.34225,0.605124
0.34225,0.68098
0.34225,0.613744
0.34225,0.63788
0.34225,0.6292599999999999
0.34225,0.65512
0.34225,0.613744
0.34225,0.6292599999999999
0.33125,0.7309760000000001
0.19899999999999995,0.68098
0.21725,0.5034080000000001
0.34225,0.5792639999999999
0.34225,0.8309679999999999
0.194125,0.5706439999999999
0.34225,0.5965039999999999
0.16849999999999998,0.696496
0.341625,0.65512
0.22699999999999992,0.6465
0.34225,0.63788
0.34225,0.789592
0.34225,0.65512
0.29524999999999996,0.7309760000000001
0.29475,0.65512
0.33425,0.62064
0.34225,0.6292599999999999
0.34225,0.63788
0.34225,0.5034080000000001
0.341625,0.7551119999999999
0.291,0.68098
0.22649999999999998,0.613744
0.34225,0.5465079999999999
0.334875,0.7051160000000001
0.34225,0.49478800000000006
0.34225,0.7637319999999999
0.34225,0.66374
0.341625,0.65512
0.24412499999999998,0.7309760000000001
0.34225,0.713736
0.22649999999999998,0.605124
0.34225,0.68098
0.26599999999999996,0.66374
0.34225,0.5706439999999999
0.3373749999999999,0.48616800000000004
0.34225,0.7982119999999999
0.28862499999999996,0.5965039999999999
0.19349999999999995,0.6292599999999999
0.23249999999999998,0.6465
0.34225,0.5792639999999999
0.338,0.68098
0.34225,0.63788
0.34225,0.7223560000000001
0.20699999999999996,0.605124
0.34225,0.605124
0.15762499999999996,0.7551119999999999
0.34225,0.6292599999999999
0.34225,0.63788
0.34225,0.587884
0.22462500000000002,0.6723600000000001
0.285,0.613744
0.34225,0.7223560000000001
0.20937499999999998,0.62064
0.20875,0.68098
0.21549999999999997,0.65512
0.34225,0.68098
0.34225,0.605124
0.34225,0.62064
0.26362499999999994,0.63788
0.34225,0.605124
0.26724999999999993,0.6292599999999999
0.284375,0.7309760000000001
0.22462500000000002,0.65512
0.313625,0.5534039999999999
0.34225,0.587884
0.34225,0.739596
0.30749999999999994,0.562024
0.34225,0.6465
0.26724999999999993,0.7637319999999999
0.21425,0.605124
0.34225,0.713736
0.15212499999999995,0.6292599999999999
0.34225,0.7223560000000001
0.33612499999999995,0.687876
0.34225,0.65512
0.34225,0.63788
0.12287499999999996,0.5534039999999999
0.34225,0.7223560000000001
0.23249999999999998,0.65512
0.156375,0.5792639999999999
0.34225,0.66374
0.298375,0.696496
0.30987499999999996,0.5965039999999999
0.34225,0.7551119999999999
0.29224999999999995,0.6292599999999999
0.34225,0.68098
0.341625,0.68098
0.34225,0.7309760000000001
0.258125,0.6723600000000001
0.31175,0.65512
0.30075,0.739596
0.34225,0.512028
0.30624999999999997,0.65512
0.12524999999999997,0.65512
0.269125,0.613744
0.34225,0.613744
0.03574999999999995,0.5965039999999999
0.2655,0.462032
0.34225,0.5465079999999999
0.34225,0.65512
0.327,0.5534039999999999
0.20749999999999996,0.7637319999999999
0.030874999999999986,0.6292599999999999
0.17887499999999995,0.62064
0.2545,0.7809719999999999
0.21787499999999999,0.6292599999999999
0.17887499999999995,0.6292599999999999
0.34225,0.605124
0.24599999999999994,0.65512
0.34225,0.605124
0.196625,0.789592
0.23562499999999992,0.462032
0.34225,0.68098
0.34225,0.822348
0.34225,0.5465079999999999
0.34225,0.62064
0.23499999999999993,0.7223560000000001
0.34225,0.6292599999999999
0.16799999999999998,0.605124
0.2934999999999999,0.5534039999999999
0.34225,0.62064
0.34225,0.62064
0.21487499999999998,0.8309679999999999
0.34225,0.63788
0.34225,0.7051160000000001
0.33912499999999995,0.65512
0.34225,0.7051160000000001
0.141125,0.5792639999999999
0.34225,0.6723600000000001
0.34225,0.605124
0.283125,0.605124
0.34225,0.65512
0.34225,0.5292680000000001
0.33912499999999995,0.68098
0.34225,0.8309679999999999
0.34225,0.7309760000000001
0.26662499999999995,0.62064
0.334875,0.62064
0.34225,0.7051160000000001
0.34225,0.5706439999999999
0.29587499999999994,0.7051160000000001
0.34225,0.7551119999999999
0.34225,0.605124
0.28187499999999993,0.63788
0.25137499999999996,0.587884
0.30387499999999995,0.5706439999999999
0.34225,0.5792639999999999
0.34225,0.6465
0.31049999999999994,0.6723600000000001
0.26975,0.713736
0.21362499999999995,0.613744
0.34225,0.6292599999999999
0.33,0.68098
0.27275,0.696496
0.27462499999999995,0.68098
0.34225,0.7309760000000001
0.3001249999999999,0.613744
0.21974999999999995,0.68098
0.315375,0.65512
0.06924999999999998,0.613744
0.2708749999999999,0.696496
0.3001249999999999,0.68098
0.2685,0.613744
0.34225,0.66374
0.23312499999999997,0.6292599999999999
0.302,0.63788
0.288,0.713736
0.28062499999999996,0.5792639999999999
0.24899999999999994,0.687876
0.22099999999999992,0.7309760000000001
0.2795,0.47927200000000003
0.34225,0.5534039999999999
0.34225,0.7223560000000001
0.14175,0.68098
0.2532499999999999,0.65512
0.25137499999999996,0.68098
0.29524999999999996,0.587884
0.23737499999999995,0.49478800000000006
0.34225,0.7551119999999999
0.309375,0.6723600000000001
0.34225,0.62064
0.26299999999999996,0.7051160000000001
0.34225,0.7051160000000001
0.341625,0.613744
0.34225,0.6465
0.11549999999999999,0.62064
0.34225,0.7051160000000001
0.34225,0.7809719999999999
0.09912499999999996,0.6723600000000001
0.26599999999999996,0.63788
0.291,0.605124
0.34225,0.739596
0.34225,0.66374
0.34225,0.6292599999999999
0.34225,0.5792639999999999
0.3373749999999999,0.7051160000000001
0.2678749999999999,0.7309760000000001
0.24112499999999998,0.5465079999999999
0.34225,0.613744
0.3373749999999999,0.6723600000000001
0.34225,0.6292599999999999
0.34225,0.6723600000000001
0.34225,0.696496
0.341625,0.65512
0.12774999999999997,0.605124
0.27699999999999997,0.687876
0.34225,0.6292599999999999
0.34225,0.5465079999999999
0.29587499999999994,0.68098
0.34225,0.5792639999999999
0.34225,0.6292599999999999
0.302625,0.605124
0.34225,0.7051160000000001
0.14962499999999995,0.7051160000000001
0.20749999999999996,0.605124
0.34225,0.6292599999999999
0.27524999999999994,0.6292599999999999
0.34225,0.6292599999999999
0.20449999999999996,0.7051160000000001
0.24837499999999996,0.687876
0.31425,0.6292599999999999
0.22949999999999998,0.6465
0.34225,0.7551119999999999
0.29475,0.605124
0.34225,0.7051160000000001
0.34225,0.65512
0.328875,0.66374
0.3373749999999999,0.6292599999999999
0.34225,0.512028
0.33312499999999995,0.739596
0.33249999999999996,0.5465079999999999
0.34225,0.605124
0.34225,0.6292599999999999
0.276375,0.696496
0.34225,0.7551119999999999
0.24899999999999994,0.605124
0.34225,0.605124
0.34225,0.5965039999999999
0.34225,0.5534039999999999
0.32449999999999996,0.63788
0.12412499999999999,0.605124
0.34225,0.7051160000000001
0.34225,0.613744
0.302625,0.68098
0.14662499999999995,0.6465
0.299625,0.687876
0.34225,0.63788
