0.025999999999999968,0.03275600000000003
0.027124999999999955,0.03275600000000003
0.026624999999999954,0.03275600000000003
0.026624999999999954,0.03275600000000003
0.02537499999999998,0.04137600000000004
0.02537499999999998,0.03275600000000003
0.027124999999999955,0.03275600000000003
0.034499999999999975,0.04137600000000004
0.027749999999999997,0.03275600000000003
0.03387499999999999,0.03275600000000003
0.02287499999999998,0.03275600000000003
0.029624999999999957,0.03275600000000003
0.03149999999999997,0.03275600000000003
0.027749999999999997,0.03275600000000003
0.03199999999999997,0.03275600000000003
0.022249999999999992,0.04137600000000004
0.033249999999999946,0.03275600000000003
0.033249999999999946,0.03275600000000003
0.027124999999999955,0.03275600000000003
0.02899999999999997,0.03275600000000003
0.03199999999999997,0.03275600000000003
0.027749999999999997,0.03275600000000003
0.027749999999999997,0.03275600000000003
0.029624999999999957,0.03275600000000003
0.030874999999999986,0.03275600000000003
0.029624999999999957,0.03275600000000003
0.03199999999999997,0.03275600000000003
0.02537499999999998,0.03275600000000003
0.030874999999999986,0.03275600000000003
0.03149999999999997,0.04137600000000004
0.027749999999999997,0.04137600000000004
0.03149999999999997,0.03275600000000003
0.027749999999999997,0.03275600000000003
0.029624999999999957,0.03275600000000003
0.03025,0.03275600000000003
0.026624999999999954,0.03275600000000003
0.026624999999999954,0.03275600000000003
0.02899999999999997,0.04137600000000004
0.033249999999999946,0.04137600000000004
0.03025,0.03275600000000003
0.03149999999999997,0.03275600000000003
0.024124999999999952,0.03275600000000003
0.02537499999999998,0.03275600000000003
0.030874999999999986,0.03275600000000003
0.02899999999999997,0.03275600000000003
0.027749999999999997,0.03275600000000003
0.02287499999999998,0.03275600000000003
0.028374999999999984,0.04137600000000004
0.028374999999999984,0.03275600000000003
0.03687499999999999,0.03275600000000003
0.024124999999999952,0.03275600000000003
0.030874999999999986,0.03275600000000003
0.030874999999999986,0.04137600000000004
0.02899999999999997,0.03275600000000003
0.026624999999999954,0.03275600000000003
0.03199999999999997,0.03275600000000003
0.030874999999999986,0.03275600000000003
0.027749999999999997,0.04137600000000004
0.028374999999999984,0.03275600000000003
0.027749999999999997,0.04137600000000004
0.028374999999999984,0.03275600000000003
0.034499999999999975,0.04137600000000004
0.02537499999999998,0.03275600000000003
0.01924999999999999,0.03275600000000003
0.027749999999999997,0.03275600000000003
0.03025,0.03275600000000003
0.03262499999999996,0.03275600000000003
0.029624999999999957,0.04137600000000004
0.027124999999999955,0.04137600000000004
0.024124999999999952,0.03275600000000003
0.03199999999999997,0.03275600000000003
0.024124999999999952,0.03275600000000003
0.034499999999999975,0.04137600000000004
0.025999999999999968,0.03275600000000003
0.033249999999999946,0.03275600000000003
0.03199999999999997,0.04137600000000004
0.02899999999999997,0.04137600000000004
0.024124999999999952,0.03275600000000003
0.027124999999999955,0.03275600000000003
0.030874999999999986,0.03275600000000003
0.02899999999999997,0.03275600000000003
0.024124999999999952,0.03275600000000003
0.03199999999999997,0.03275600000000003
0.028374999999999984,0.03275600000000003
0.02899999999999997,0.04137600000000004
0.02899999999999997,0.03275600000000003
0.034499999999999975,0.04137600000000004
0.03199999999999997,0.03275600000000003
0.029624999999999957,0.03275600000000003
0.026624999999999954,0.03275600000000003
0.024124999999999952,0.04137600000000004
0.03149999999999997,0.03275600000000003
0.03199999999999997,0.03275600000000003
0.03262499999999996,0.03275600000000003
0.030874999999999986,0.03275600000000003
0.02899999999999997,0.03275600000000003
0.027124999999999955,0.03275600000000003
0.027124999999999955,0.03275600000000003
0.026624999999999954,0.03275600000000003
0.025999999999999968,0.03275600000000003
0.030874999999999986,0.03275600000000003
0.027124999999999955,0.03275600000000003
0.03387499999999999,0.03275600000000003
0.026624999999999954,0.03275600000000003
0.03262499999999996,0.03275600000000003
0.033249999999999946,0.04137600000000004
0.02174999999999999,0.04137600000000004
0.02899999999999997,0.03275600000000003
0.03512499999999996,0.03275600000000003
0.033249999999999946,0.03275600000000003
0.027749999999999997,0.03275600000000003
0.03387499999999999,0.03275600000000003
0.028374999999999984,0.04137600000000004
0.025999999999999968,0.03275600000000003
0.03199999999999997,0.03275600000000003
0.027749999999999997,0.03275600000000003
0.033249999999999946,0.03275600000000003
0.02537499999999998,0.03275600000000003
0.027749999999999997,0.03275600000000003
0.03199999999999997,0.03275600000000003
0.030874999999999986,0.03275600000000003
0.034499999999999975,0.03275600000000003
0.029624999999999957,0.03275600000000003
0.02287499999999998,0.03275600000000003
0.03199999999999997,0.03275600000000003
0.03199999999999997,0.03275600000000003
0.03025,0.03275600000000003
0.03149999999999997,0.03275600000000003
0.027124999999999955,0.04137600000000004
0.02537499999999998,0.03275600000000003
0.027124999999999955,0.03275600000000003
0.033249999999999946,0.03275600000000003
0.024124999999999952,0.04137600000000004
0.026624999999999954,0.04137600000000004
0.03199999999999997,0.03275600000000003
0.03149999999999997,0.03275600000000003
0.029624999999999957,0.03275600000000003
0.02899999999999997,0.03275600000000003
0.03749999999999998,0.03275600000000003
0.02537499999999998,0.03275600000000003
0.029624999999999957,0.03275600000000003
0.030874999999999986,0.03275600000000003
0.027749999999999997,0.04137600000000004
0.02899999999999997,0.03275600000000003
0.028374999999999984,0.04137600000000004
0.027749999999999997,0.03275600000000003
0.02287499999999998,0.03275600000000003
0.027124999999999955,0.03275600000000003
0.030874999999999986,0.03275600000000003
0.034499999999999975,0.03275600000000003
0.029624999999999957,0.03275600000000003
0.02537499999999998,0.04137600000000004
0.027749999999999997,0.03275600000000003
0.027749999999999997,0.03275600000000003
0.028374999999999984,0.03275600000000003
0.030874999999999986,0.03275600000000003
0.033249999999999946,0.03275600000000003
0.030874999999999986,0.03275600000000003
0.02899999999999997,0.03275600000000003
0.03025,0.03275600000000003
0.02899999999999997,0.03275600000000003
0.026624999999999954,0.03275600000000003
0.02537499999999998,0.04137600000000004
0.033249999999999946,0.03275600000000003
0.03387499999999999,0.03275600000000003
0.02174999999999999,0.03275600000000003
0.033249999999999946,0.03275600000000003
0.027124999999999955,0.03275600000000003
0.01924999999999999,0.03275600000000003
0.034499999999999975,0.03275600000000003
0.03199999999999997,0.03275600000000003
0.025999999999999968,0.03275600000000003
0.030874999999999986,0.03275600000000003
0.02537499999999998,0.03275600000000003
0.029624999999999957,0.03275600000000003
0.03025,0.03275600000000003
0.030874999999999986,0.03275600000000003
0.03025,0.03275600000000003
0.028374999999999984,0.03275600000000003
0.02899999999999997,0.03275600000000003
0.033249999999999946,0.03275600000000003
0.03149999999999997,0.03275600000000003
0.02899999999999997,0.04137600000000004
0.024749999999999994,0.04137600000000004
0.024124999999999952,0.03275600000000003
0.03387499999999999,0.03275600000000003
0.027749999999999997,0.03275600000000003
0.028374999999999984,0.03275600000000003
0.027124999999999955,0.03275600000000003
0.03149999999999997,0.03275600000000003
0.027749999999999997,0.04137600000000004
0.027124999999999955,0.03275600000000003
0.034499999999999975,0.03275600000000003
0.02174999999999999,0.03275600000000003
0.027749999999999997,0.03275600000000003
0.03149999999999997,0.03275600000000003
0.02174999999999999,0.03275600000000003
0.033249999999999946,0.04137600000000004
0.025999999999999968,0.03275600000000003
0.027749999999999997,0.03275600000000003
0.03149999999999997,0.03275600000000003
0.03262499999999996,0.03275600000000003
0.027124999999999955,0.03275600000000003
0.03149999999999997,0.03275600000000003
0.026624999999999954,0.03275600000000003
0.02537499999999998,0.03275600000000003
0.03025,0.03275600000000003
0.027749999999999997,0.03275600000000003
0.030874999999999986,0.03275600000000003
0.025999999999999968,0.03275600000000003
0.024124999999999952,0.03275600000000003
0.029624999999999957,0.03275600000000003
0.030874999999999986,0.04137600000000004
0.027749999999999997,0.04137600000000004
0.02899999999999997,0.03275600000000003
0.030874999999999986,0.03275600000000003
0.02899999999999997,0.03275600000000003
0.02899999999999997,0.03275600000000003
0.028374999999999984,0.03275600000000003
0.038124999999999964,0.03275600000000003
0.03149999999999997,0.04137600000000004
0.02899999999999997,0.03275600000000003
0.02899999999999997,0.03275600000000003
0.033249999999999946,0.03275600000000003
0.03512499999999996,0.03275600000000003
0.02287499999999998,0.03275600000000003
0.02537499999999998,0.03275600000000003
0.030874999999999986,0.03275600000000003
0.03149999999999997,0.03275600000000003
0.02537499999999998,0.04137600000000004
0.034499999999999975,0.04137600000000004
0.02287499999999998,0.03275600000000003
0.029624999999999957,0.03275600000000003
0.029624999999999957,0.03275600000000003
0.025999999999999968,0.04137600000000004
0.030874999999999986,0.03275600000000003
0.026624999999999954,0.03275600000000003
0.034499999999999975,0.03275600000000003
0.03149999999999997,0.04137600000000004
0.03149999999999997,0.04137600000000004
0.026624999999999954,0.03275600000000003
0.02287499999999998,0.03275600000000003
0.026624999999999954,0.03275600000000003
0.025999999999999968,0.03275600000000003
0.030874999999999986,0.03275600000000003
0.03149999999999997,0.03275600000000003
0.027749999999999997,0.03275600000000003
0.024124999999999952,0.03275600000000003
0.03149999999999997,0.03275600000000003
0.02537499999999998,0.03275600000000003
0.029624999999999957,0.03275600000000003
0.027749999999999997,0.03275600000000003
0.02899999999999997,0.03275600000000003
0.024749999999999994,0.03275600000000003
0.03199999999999997,0.03275600000000003
0.029624999999999957,0.03275600000000003
0.02899999999999997,0.04137600000000004
0.033249999999999946,0.03275600000000003
0.024749999999999994,0.03275600000000003
0.027749999999999997,0.04137600000000004
0.03199999999999997,0.03275600000000003
0.02287499999999998,0.03275600000000003
0.03199999999999997,0.03275600000000003
0.029624999999999957,0.03275600000000003
0.024749999999999994,0.03275600000000003
0.03025,0.03275600000000003
0.030874999999999986,0.03275600000000003
0.033249999999999946,0.04137600000000004
0.027749999999999997,0.03275600000000003
0.03025,0.04137600000000004
0.027749999999999997,0.03275600000000003
0.024124999999999952,0.03275600000000003
0.03387499999999999,0.03275600000000003
0.03387499999999999,0.03275600000000003
0.027124999999999955,0.03275600000000003
0.026624999999999954,0.03275600000000003
0.030874999999999986,0.03275600000000003
0.02899999999999997,0.03275600000000003
0.02899999999999997,0.04137600000000004
0.03199999999999997,0.03275600000000003
0.027749999999999997,0.03275600000000003
0.027749999999999997,0.03275600000000003
0.04124999999999995,0.03275600000000003
0.02899999999999997,0.03275600000000003
0.033249999999999946,0.03275600000000003
0.03025,0.03275600000000003
0.026624999999999954,0.03275600000000003
0.02287499999999998,0.04137600000000004
0.02899999999999997,0.04137600000000004
0.023499999999999965,0.04137600000000004
0.027749999999999997,0.03275600000000003
0.02287499999999998,0.03275600000000003
0.033249999999999946,0.03275600000000003
0.025999999999999968,0.03275600000000003
0.03387499999999999,0.03275600000000003
0.026624999999999954,0.03275600000000003
0.029624999999999957,0.03275600000000003
0.03149999999999997,0.04137600000000004
0.02899999999999997,0.03275600000000003
0.034499999999999975,0.04137600000000004
0.02899999999999997,0.03275600000000003
0.024124999999999952,0.03275600000000003
0.026624999999999954,0.03275600000000003
0.028374999999999984,0.03275600000000003
0.029624999999999957,0.03275600000000003
0.027749999999999997,0.04137600000000004
0.01924999999999999,0.03275600000000003
0.028374999999999984,0.03275600000000003
0.03687499999999999,0.03275600000000003
0.028374999999999984,0.03275600000000003
0.030874999999999986,0.03275600000000003
0.024749999999999994,0.03275600000000003
0.024749999999999994,0.03275600000000003
0.027124999999999955,0.03275600000000003
0.03387499999999999,0.04137600000000004
0.03199999999999997,0.04137600000000004
0.025999999999999968,0.03275600000000003
0.03199999999999997,0.04137600000000004
0.026624999999999954,0.03275600000000003
0.03387499999999999,0.03275600000000003
0.02174999999999999,0.03275600000000003
0.02537499999999998,0.03275600000000003
0.02899999999999997,0.03275600000000003
0.026624999999999954,0.03275600000000003
0.026624999999999954,0.03275600000000003
0.03199999999999997,0.04137600000000004
0.02899999999999997,0.04137600000000004
0.027124999999999955,0.03275600000000003
0.03025,0.03275600000000003
0.027124999999999955,0.03275600000000003
0.027749999999999997,0.03275600000000003
0.03199999999999997,0.03275600000000003
0.02899999999999997,0.03275600000000003
0.027749999999999997,0.03275600000000003
0.03262499999999996,0.03275600000000003
0.03025,0.04137600000000004
0.027749999999999997,0.03275600000000003
0.028374999999999984,0.04137600000000004
0.027124999999999955,0.04137600000000004
0.029624999999999957,0.03275600000000003
0.03262499999999996,0.03275600000000003
0.024124999999999952,0.03275600000000003
0.027124999999999955,0.03275600000000003
0.027749999999999997,0.03275600000000003
0.02899999999999997,0.04137600000000004
0.03199999999999997,0.03275600000000003
0.03025,0.03275600000000003
0.03025,0.03275600000000003
0.02287499999999998,0.03275600000000003
0.026624999999999954,0.03275600000000003
0.029624999999999957,0.03275600000000003
0.027124999999999955,0.03275600000000003
0.02537499999999998,0.03275600000000003
0.02899999999999997,0.03275600000000003
0.028374999999999984,0.04137600000000004
0.026624999999999954,0.03275600000000003
0.029624999999999957,0.03275600000000003
0.030874999999999986,0.03275600000000003
0.03149999999999997,0.03275600000000003
0.029624999999999957,0.03275600000000003
0.03387499999999999,0.03275600000000003
0.03025,0.03275600000000003
0.027749999999999997,0.024136000000000022
0.03025,0.04137600000000004
0.027749999999999997,0.04137600000000004
0.02537499999999998,0.04137600000000004
0.030874999999999986,0.04137600000000004
0.03199999999999997,0.03275600000000003
0.024749999999999994,0.03275600000000003
0.03262499999999996,0.03275600000000003
0.034499999999999975,0.03275600000000003
0.02287499999999998,0.03275600000000003
0.029624999999999957,0.03275600000000003
0.029624999999999957,0.04137600000000004
0.024124999999999952,0.04137600000000004
0.02899999999999997,0.03275600000000003
0.02899999999999997,0.03275600000000003
0.01799999999999996,0.03275600000000003
0.024124999999999952,0.03275600000000003
0.03262499999999996,0.03275600000000003
0.029624999999999957,0.03275600000000003
0.02899999999999997,0.04137600000000004
0.027749999999999997,0.03275600000000003
0.03687499999999999,0.03275600000000003
0.029624999999999957,0.04137600000000004
0.022249999999999992,0.03275600000000003
0.029624999999999957,0.03275600000000003
0.029624999999999957,0.03275600000000003
0.02537499999999998,0.03275600000000003
0.02537499999999998,0.03275600000000003
0.027124999999999955,0.03275600000000003
0.02537499999999998,0.03275600000000003
0.030874999999999986,0.03275600000000003
0.027749999999999997,0.03275600000000003
0.029624999999999957,0.03275600000000003
0.03387499999999999,0.04137600000000004
0.026624999999999954,0.03275600000000003
0.02899999999999997,0.03275600000000003
0.03687499999999999,0.03275600000000003
0.024124999999999952,0.03275600000000003
0.03199999999999997,0.03275600000000003
0.033249999999999946,0.03275600000000003
0.02899999999999997,0.03275600000000003
0.029624999999999957,0.04137600000000004
0.028374999999999984,0.04137600000000004
0.027749999999999997,0.03275600000000003
0.02537499999999998,0.03275600000000003
0.03574999999999995,0.03275600000000003
0.029624999999999957,0.03275600000000003
0.025999999999999968,0.03275600000000003
0.03199999999999997,0.04137600000000004
0.023499999999999965,0.04137600000000004
0.024124999999999952,0.03275600000000003
0.029624999999999957,0.04137600000000004
0.027749999999999997,0.04137600000000004
0.02899999999999997,0.03275600000000003
0.029624999999999957,0.03275600000000003
0.028374999999999984,0.03275600000000003
0.027749999999999997,0.03275600000000003
0.03199999999999997,0.03275600000000003
0.027124999999999955,0.03275600000000003
0.034499999999999975,0.03275600000000003
0.02899999999999997,0.03275600000000003
0.029624999999999957,0.04137600000000004
0.025999999999999968,0.03275600000000003
0.02899999999999997,0.03275600000000003
0.02537499999999998,0.03275600000000003
0.03025,0.03275600000000003
0.02899999999999997,0.03275600000000003
0.028374999999999984,0.03275600000000003
0.028374999999999984,0.03275600000000003
0.03749999999999998,0.04137600000000004
0.029624999999999957,0.04137600000000004
0.027124999999999955,0.03275600000000003
0.029624999999999957,0.03275600000000003
0.02899999999999997,0.03275600000000003
0.026624999999999954,0.03275600000000003
0.03149999999999997,0.03275600000000003
0.03199999999999997,0.03275600000000003
0.023499999999999965,0.03275600000000003
0.029624999999999957,0.024136000000000022
0.029624999999999957,0.04137600000000004
0.027749999999999997,0.03275600000000003
0.027124999999999955,0.03275600000000003
0.030874999999999986,0.03275600000000003
0.026624999999999954,0.03275600000000003
0.03199999999999997,0.03275600000000003
0.03149999999999997,0.03275600000000003
0.025999999999999968,0.03275600000000003
0.029624999999999957,0.03275600000000003
0.03149999999999997,0.04137600000000004
0.027124999999999955,0.03275600000000003
0.03574999999999995,0.03275600000000003
0.024749999999999994,0.03275600000000003
0.033249999999999946,0.03275600000000003
0.02287499999999998,0.03275600000000003
0.033249999999999946,0.03275600000000003
0.03387499999999999,0.03275600000000003
0.029624999999999957,0.03275600000000003
0.03025,0.03275600000000003
0.026624999999999954,0.03275600000000003
0.019874999999999976,0.03275600000000003
0.027749999999999997,0.03275600000000003
0.02537499999999998,0.03275600000000003
0.024124999999999952,0.03275600000000003
0.030874999999999986,0.03275600000000003
0.033249999999999946,0.03275600000000003
0.03025,0.03275600000000003
0.03387499999999999,0.03275600000000003
0.024124999999999952,0.04137600000000004
0.03687499999999999,0.03275600000000003
0.03199999999999997,0.03275600000000003
0.02537499999999998,0.03275600000000003
0.029624999999999957,0.03275600000000003
0.027124999999999955,0.03275600000000003
0.03149999999999997,0.03275600000000003
0.027749999999999997,0.03275600000000003
0.027749999999999997,0.03275600000000003
0.03262499999999996,0.03275600000000003
0.02112499999999995,0.03275600000000003
0.02899999999999997,0.04137600000000004
0.027124999999999955,0.04137600000000004
0.03199999999999997,0.03275600000000003
0.03199999999999997,0.03275600000000003
0.030874999999999986,0.03275600000000003
0.026624999999999954,0.03275600000000003
0.03149999999999997,0.03275600000000003
0.02537499999999998,0.04137600000000004
0.033249999999999946,0.03275600000000003
0.02899999999999997,0.03275600000000003
0.02174999999999999,0.03275600000000003
0.024749999999999994,0.03275600000000003
0.024749999999999994,0.03275600000000003
0.03262499999999996,0.03275600000000003
0.030874999999999986,0.03275600000000003
0.02537499999999998,0.03275600000000003
0.028374999999999984,0.03275600000000003
0.03387499999999999,0.03275600000000003
0.029624999999999957,0.03275600000000003
0.028374999999999984,0.04137600000000004
0.03199999999999997,0.03275600000000003
0.024124999999999952,0.03275600000000003
0.025999999999999968,0.03275600000000003
0.03199999999999997,0.04137600000000004
0.027749999999999997,0.03275600000000003
0.027124999999999955,0.03275600000000003
0.02899999999999997,0.03275600000000003
0.029624999999999957,0.03275600000000003
0.023499999999999965,0.03275600000000003
0.027124999999999955,0.03275600000000003
0.03199999999999997,0.04137600000000004
0.01924999999999999,0.03275600000000003
0.02899999999999997,0.03275600000000003
0.027749999999999997,0.03275600000000003
0.030874999999999986,0.03275600000000003
0.026624999999999954,0.03275600000000003
0.029624999999999957,0.04137600000000004
0.030874999999999986,0.03275600000000003
0.029624999999999957,0.04137600000000004
0.02537499999999998,0.04137600000000004
0.027749999999999997,0.03275600000000003
0.029624999999999957,0.03275600000000003
0.029624999999999957,0.03275600000000003
0.033249999999999946,0.03275600000000003
0.03149999999999997,0.03275600000000003
0.023499999999999965,0.03275600000000003
0.03149999999999997,0.03275600000000003
0.029624999999999957,0.03275600000000003
0.029624999999999957,0.03275600000000003
0.03199999999999997,0.03275600000000003
0.027749999999999997,0.04137600000000004
0.029624999999999957,0.03275600000000003
0.030874999999999986,0.03275600000000003
0.019874999999999976,0.03275600000000003
0.033249999999999946,0.03275600000000003
0.030874999999999986,0.04137600000000004
0.02537499999999998,0.04137600000000004
0.02174999999999999,0.04137600000000004
0.03687499999999999,0.04137600000000004
0.02899999999999997,0.03275600000000003
0.030874999999999986,0.03275600000000003
0.029624999999999957,0.03275600000000003
0.025999999999999968,0.03275600000000003
0.028374999999999984,0.03275600000000003
0.027749999999999997,0.03275600000000003
0.03387499999999999,0.03275600000000003
0.022249999999999992,0.04137600000000004
0.02899999999999997,0.04137600000000004
0.029624999999999957,0.03275600000000003
0.027124999999999955,0.03275600000000003
0.029624999999999957,0.03275600000000003
0.03025,0.03275600000000003
0.027749999999999997,0.03275600000000003
0.03637499999999999,0.03275600000000003
0.02537499999999998,0.03275600000000003
0.024749999999999994,0.03275600000000003
0.03025,0.03275600000000003
0.02899999999999997,0.03275600000000003
0.03574999999999995,0.03275600000000003
0.03025,0.03275600000000003
0.026624999999999954,0.03275600000000003
0.029624999999999957,0.03275600000000003
0.02899999999999997,0.03275600000000003
0.029624999999999957,0.03275600000000003
0.026624999999999954,0.03275600000000003
0.02537499999999998,0.04137600000000004
0.02899999999999997,0.03275600000000003
0.02537499999999998,0.04137600000000004
0.030874999999999986,0.03275600000000003
0.022249999999999992,0.03275600000000003
0.028374999999999984,0.03275600000000003
0.02537499999999998,0.03275600000000003
0.030874999999999986,0.04137600000000004
0.030874999999999986,0.03275600000000003
0.027124999999999955,0.03275600000000003
0.03149999999999997,0.03275600000000003
0.02537499999999998,0.04137600000000004
0.02899999999999997,0.03275600000000003
0.034499999999999975,0.03275600000000003
0.027749999999999997,0.03275600000000003
0.026624999999999954,0.03275600000000003
0.03387499999999999,0.03275600000000003
0.027749999999999997,0.03275600000000003
0.024749999999999994,0.03275600000000003
0.03199999999999997,0.03275600000000003
0.029624999999999957,0.04137600000000004
0.024124999999999952,0.04137600000000004
0.03387499999999999,0.04137600000000004
0.03262499999999996,0.03275600000000003
0.026624999999999954,0.03275600000000003
0.02899999999999997,0.03275600000000003
0.028374999999999984,0.03275600000000003
0.03149999999999997,0.03275600000000003
0.028374999999999984,0.03275600000000003
0.02899999999999997,0.03275600000000003
0.028374999999999984,0.03275600000000003
0.030874999999999986,0.03275600000000003
0.026624999999999954,0.03275600000000003
0.030874999999999986,0.03275600000000003
0.02899999999999997,0.03275600000000003
0.026624999999999954,0.03275600000000003
0.024749999999999994,0.04137600000000004
0.033249999999999946,0.03275600000000003
0.026624999999999954,0.03275600000000003
0.029624999999999957,0.03275600000000003
0.026624999999999954,0.03275600000000003
0.020499999999999963,0.03275600000000003
0.029624999999999957,0.03275600000000003
0.024124999999999952,0.03275600000000003
0.020499999999999963,0.03275600000000003
0.029624999999999957,0.04137600000000004
0.027749999999999997,0.03275600000000003
0.028374999999999984,0.03275600000000003
0.033249999999999946,0.04137600000000004
0.023499999999999965,0.03275600000000003
0.03025,0.03275600000000003
0.030874999999999986,0.04137600000000004
0.028374999999999984,0.03275600000000003
0.027124999999999955,0.04137600000000004
0.027749999999999997,0.03275600000000003
0.03199999999999997,0.04137600000000004
0.029624999999999957,0.03275600000000003
0.026624999999999954,0.03275600000000003
0.024749999999999994,0.04137600000000004
0.026624999999999954,0.03275600000000003
0.03199999999999997,0.03275600000000003
0.027749999999999997,0.03275600000000003
0.02899999999999997,0.03275600000000003
0.026624999999999954,0.03275600000000003
0.029624999999999957,0.03275600000000003
0.024749999999999994,0.03275600000000003
0.029624999999999957,0.03275600000000003
0.02899999999999997,0.04137600000000004
0.027749999999999997,0.04137600000000004
0.025999999999999968,0.04137600000000004
0.02899999999999997,0.03275600000000003
0.030874999999999986,0.03275600000000003
0.03149999999999997,0.03275600000000003
0.034499999999999975,0.03275600000000003
0.03262499999999996,0.03275600000000003
0.02287499999999998,0.03275600000000003
0.030874999999999986,0.04137600000000004
0.026624999999999954,0.04137600000000004
0.025999999999999968,0.03275600000000003
0.026624999999999954,0.03275600000000003
0.03687499999999999,0.03275600000000003
0.027749999999999997,0.03275600000000003
0.030874999999999986,0.03275600000000003
0.029624999999999957,0.03275600000000003
0.023499999999999965,0.03275600000000003
0.026624999999999954,0.03275600000000003
0.02899999999999997,0.04137600000000004
0.027124999999999955,0.04137600000000004
0.027124999999999955,0.03275600000000003
0.030874999999999986,0.04137600000000004
0.029624999999999957,0.03275600000000003
0.026624999999999954,0.03275600000000003
0.030874999999999986,0.03275600000000003
0.026624999999999954,0.03275600000000003
0.033249999999999946,0.03275600000000003
0.03199999999999997,0.03275600000000003
0.027124999999999955,0.03275600000000003
0.029624999999999957,0.03275600000000003
0.02537499999999998,0.04137600000000004
0.02174999999999999,0.03275600000000003
0.030874999999999986,0.03275600000000003
0.02537499999999998,0.03275600000000003
0.033249999999999946,0.03275600000000003
0.02899999999999997,0.03275600000000003
0.026624999999999954,0.03275600000000003
0.03199999999999997,0.03275600000000003
0.020499999999999963,0.04137600000000004
0.030874999999999986,0.04137600000000004
0.027124999999999955,0.03275600000000003
0.03199999999999997,0.03275600000000003
0.02537499999999998,0.03275600000000003
0.027124999999999955,0.03275600000000003
0.034499999999999975,0.03275600000000003
0.01924999999999999,0.03275600000000003
0.034499999999999975,0.03275600000000003
0.027749999999999997,0.03275600000000003
0.030874999999999986,0.03275600000000003
0.02899999999999997,0.03275600000000003
0.02899999999999997,0.03275600000000003
0.03199999999999997,0.03275600000000003
0.02899999999999997,0.03275600000000003
0.03387499999999999,0.03275600000000003
0.025999999999999968,0.03275600000000003
0.02537499999999998,0.03275600000000003
0.02899999999999997,0.03275600000000003
0.02899999999999997,0.04137600000000004
0.03149999999999997,0.04137600000000004
0.027124999999999955,0.03275600000000003
0.02287499999999998,0.03275600000000003
0.027749999999999997,0.03275600000000003
0.03387499999999999,0.03275600000000003
0.029624999999999957,0.03275600000000003
0.026624999999999954,0.03275600000000003
0.029624999999999957,0.03275600000000003
0.033249999999999946,0.04137600000000004
0.026624999999999954,0.03275600000000003
0.03199999999999997,0.03275600000000003
0.024749999999999994,0.04137600000000004
0.024749999999999994,0.03275600000000003
0.034499999999999975,0.04137600000000004
0.028374999999999984,0.03275600000000003
0.027124999999999955,0.03275600000000003
0.02899999999999997,0.04137600000000004
0.02899999999999997,0.03275600000000003
0.030874999999999986,0.04137600000000004
0.026624999999999954,0.04137600000000004
0.020499999999999963,0.03275600000000003
0.02174999999999999,0.03275600000000003
0.030874999999999986,0.03275600000000003
0.03199999999999997,0.03275600000000003
0.028374999999999984,0.03275600000000003
0.025999999999999968,0.03275600000000003
0.02287499999999998,0.03275600000000003
0.027124999999999955,0.04137600000000004
0.022249999999999992,0.04137600000000004
0.027124999999999955,0.03275600000000003
0.023499999999999965,0.04137600000000004
0.024749999999999994,0.03275600000000003
0.03149999999999997,0.03275600000000003
0.029624999999999957,0.03275600000000003
0.03149999999999997,0.03275600000000003
0.02899999999999997,0.03275600000000003
0.027124999999999955,0.03275600000000003
0.029624999999999957,0.04137600000000004
0.027749999999999997,0.04137600000000004
0.03262499999999996,0.03275600000000003
0.02899999999999997,0.04137600000000004
0.02899999999999997,0.03275600000000003
0.03025,0.03275600000000003
0.025999999999999968,0.03275600000000003
0.030874999999999986,0.03275600000000003
0.03199999999999997,0.03275600000000003
0.02537499999999998,0.03275600000000003
0.02899999999999997,0.03275600000000003
0.03025,0.03275600000000003
0.026624999999999954,0.04137600000000004
0.025999999999999968,0.04137600000000004
0.02537499999999998,0.03275600000000003
0.03149999999999997,0.03275600000000003
0.030874999999999986,0.03275600000000003
0.029624999999999957,0.03275600000000003
0.027749999999999997,0.03275600000000003
0.03025,0.04137600000000004
0.026624999999999954,0.03275600000000003
0.02899999999999997,0.03275600000000003
0.028374999999999984,0.03275600000000003
0.02287499999999998,0.03275600000000003
0.026624999999999954,0.03275600000000003
0.028374999999999984,0.03275600000000003
0.02287499999999998,0.03275600000000003
0.03574999999999995,0.03275600000000003
0.03512499999999996,0.04137600000000004
0.02537499999999998,0.04137600000000004
0.03387499999999999,0.03275600000000003
0.02287499999999998,0.03275600000000003
0.03262499999999996,0.03275600000000003
0.033249999999999946,0.03275600000000003
0.029624999999999957,0.03275600000000003
0.027749999999999997,0.03275600000000003
0.03199999999999997,0.03275600000000003
0.025999999999999968,0.03275600000000003
0.02899999999999997,0.03275600000000003
0.029624999999999957,0.04137600000000004
0.025999999999999968,0.03275600000000003
0.02287499999999998,0.03275600000000003
0.02899999999999997,0.03275600000000003
0.03149999999999997,0.03275600000000003
0.026624999999999954,0.03275600000000003
0.02899999999999997,0.03275600000000003
0.022249999999999992,0.03275600000000003
0.026624999999999954,0.03275600000000003
0.03199999999999997,0.03275600000000003
0.027124999999999955,0.03275600000000003
0.027749999999999997,0.04137600000000004
0.03199999999999997,0.03275600000000003
0.027749999999999997,0.03275600000000003
0.027749999999999997,0.03275600000000003
0.029624999999999957,0.03275600000000003
0.027124999999999955,0.03275600000000003
0.033249999999999946,0.03275600000000003
0.03149999999999997,0.03275600000000003
0.026624999999999954,0.03275600000000003
0.03387499999999999,0.03275600000000003
0.020499999999999963,0.04137600000000004
0.034499999999999975,0.03275600000000003
0.02174999999999999,0.03275600000000003
0.02537499999999998,0.03275600000000003
0.024749999999999994,0.03275600000000003
0.03199999999999997,0.03275600000000003
0.034499999999999975,0.03275600000000003
0.02537499999999998,0.04137600000000004
0.034499999999999975,0.03275600000000003
0.027749999999999997,0.04137600000000004
0.027749999999999997,0.03275600000000003
0.03199999999999997,0.03275600000000003
0.025999999999999968,0.03275600000000003
0.03149999999999997,0.03275600000000003
0.03262499999999996,0.03275600000000003
0.03025,0.03275600000000003
0.024124999999999952,0.04137600000000004
0.030874999999999986,0.03275600000000003
0.029624999999999957,0.03275600000000003
0.024124999999999952,0.04137600000000004
0.024124999999999952,0.03275600000000003
0.029624999999999957,0.03275600000000003
0.029624999999999957,0.03275600000000003
0.02899999999999997,0.03275600000000003
0.03262499999999996,0.04137600000000004
0.025999999999999968,0.04137600000000004
0.02899999999999997,0.03275600000000003
0.026624999999999954,0.03275600000000003
0.030874999999999986,0.04137600000000004
0.026624999999999954,0.04137600000000004
0.029624999999999957,0.03275600000000003
0.03199999999999997,0.03275600000000003
0.030874999999999986,0.03275600000000003
0.02899999999999997,0.03275600000000003
0.03574999999999995,0.03275600000000003
0.024124999999999952,0.03275600000000003
0.03149999999999997,0.03275600000000003
0.033249999999999946,0.03275600000000003
0.027124999999999955,0.03275600000000003
0.03025,0.04137600000000004
0.03149999999999997,0.03275600000000003
0.027749999999999997,0.03275600000000003
0.030874999999999986,0.03275600000000003
0.027749999999999997,0.03275600000000003
0.033249999999999946,0.03275600000000003
0.022249999999999992,0.04137600000000004
0.030874999999999986,0.03275600000000003
0.03149999999999997,0.04137600000000004
0.024124999999999952,0.03275600000000003
0.024124999999999952,0.04137600000000004
0.029624999999999957,0.03275600000000003
0.026624999999999954,0.03275600000000003
0.03262499999999996,0.04137600000000004
0.02899999999999997,0.03275600000000003
0.03199999999999997,0.03275600000000003
0.025999999999999968,0.03275600000000003
0.03749999999999998,0.04137600000000004
0.02537499999999998,0.04137600000000004
0.02899999999999997,0.04137600000000004
0.02899999999999997,0.03275600000000003
0.027749999999999997,0.03275600000000003
0.027124999999999955,0.03275600000000003
0.03025,0.03275600000000003
0.02537499999999998,0.03275600000000003
0.027124999999999955,0.03275600000000003
0.029624999999999957,0.03275600000000003
0.02899999999999997,0.03275600000000003
0.029624999999999957,0.03275600000000003
0.02899999999999997,0.03275600000000003
0.030874999999999986,0.03275600000000003
0.02174999999999999,0.03275600000000003
0.027749999999999997,0.03275600000000003
0.030874999999999986,0.03275600000000003
0.029624999999999957,0.04137600000000004
0.03025,0.03275600000000003
0.02899999999999997,0.03275600000000003
0.030874999999999986,0.04137600000000004
0.026624999999999954,0.04137600000000004
0.025999999999999968,0.03275600000000003
0.03512499999999996,0.03275600000000003
0.02537499999999998,0.03275600000000003
0.026624999999999954,0.03275600000000003
0.029624999999999957,0.03275600000000003
0.027749999999999997,0.04137600000000004
0.027749999999999997,0.04137600000000004
0.02537499999999998,0.03275600000000003
0.02899999999999997,0.03275600000000003
0.027749999999999997,0.03275600000000003
0.028374999999999984,0.03275600000000003
0.033249999999999946,0.03275600000000003
0.028374999999999984,0.03275600000000003
0.030874999999999986,0.03275600000000003
0.025999999999999968,0.03275600000000003
0.027749999999999997,0.04137600000000004
0.02899999999999997,0.03275600000000003
0.03149999999999997,0.03275600000000003
0.02899999999999997,0.03275600000000003
0.02537499999999998,0.04137600000000004
0.026624999999999954,0.03275600000000003
0.024124999999999952,0.04137600000000004
0.03199999999999997,0.03275600000000003
0.028374999999999984,0.03275600000000003
0.03025,0.04137600000000004
0.033249999999999946,0.03275600000000003
0.033249999999999946,0.03275600000000003
0.029624999999999957,0.03275600000000003
0.02899999999999997,0.03275600000000003
0.030874999999999986,0.03275600000000003
0.024124999999999952,0.03275600000000003
0.029624999999999957,0.03275600000000003
0.03937499999999999,0.03275600000000003
0.030874999999999986,0.03275600000000003
0.027124999999999955,0.03275600000000003
0.025999999999999968,0.04137600000000004
0.02899999999999997,0.04137600000000004
0.030874999999999986,0.03275600000000003
0.027749999999999997,0.03275600000000003
0.030874999999999986,0.03275600000000003
0.03199999999999997,0.03275600000000003
0.023499999999999965,0.03275600000000003
0.027749999999999997,0.03275600000000003
0.02174999999999999,0.03275600000000003
0.027124999999999955,0.03275600000000003
0.024749999999999994,0.03275600000000003
0.029624999999999957,0.03275600000000003
0.03262499999999996,0.03275600000000003
0.025999999999999968,0.04137600000000004
0.028374999999999984,0.04137600000000004
0.02537499999999998,0.03275600000000003
0.02899999999999997,0.03275600000000003
0.024749999999999994,0.03275600000000003
0.027749999999999997,0.03275600000000003
0.025999999999999968,0.03275600000000003
0.026624999999999954,0.04137600000000004
0.02537499999999998,0.03275600000000003
0.03262499999999996,0.03275600000000003
0.033249999999999946,0.03275600000000003
0.029624999999999957,0.03275600000000003
0.02899999999999997,0.03275600000000003
0.024124999999999952,0.03275600000000003
0.03637499999999999,0.03275600000000003
0.030874999999999986,0.03275600000000003
0.026624999999999954,0.03275600000000003
0.029624999999999957,0.04137600000000004
0.024749999999999994,0.03275600000000003
0.025999999999999968,0.03275600000000003
0.030874999999999986,0.03275600000000003
0.02537499999999998,0.04137600000000004
0.027749999999999997,0.03275600000000003
0.03512499999999996,0.03275600000000003
0.02537499999999998,0.03275600000000003
0.030874999999999986,0.03275600000000003
0.028374999999999984,0.04137600000000004
0.03199999999999997,0.03275600000000003
0.026624999999999954,0.03275600000000003
0.02899999999999997,0.03275600000000003
0.027124999999999955,0.03275600000000003
0.03149999999999997,0.03275600000000003
0.03749999999999998,0.03275600000000003
0.027749999999999997,0.03275600000000003
0.029624999999999957,0.03275600000000003
0.03199999999999997,0.03275600000000003
0.022249999999999992,0.04137600000000004
0.033249999999999946,0.03275600000000003
0.03574999999999995,0.03275600000000003
0.02537499999999998,0.03275600000000003
0.033249999999999946,0.03275600000000003
0.027749999999999997,0.03275600000000003
0.029624999999999957,0.03275600000000003
0.033249999999999946,0.03275600000000003
0.03025,0.03275600000000003
0.028374999999999984,0.04137600000000004
0.02899999999999997,0.04137600000000004
0.02537499999999998,0.03275600000000003
0.033249999999999946,0.04137600000000004
0.03025,0.03275600000000003
0.02899999999999997,0.03275600000000003
0.027749999999999997,0.03275600000000003
0.02287499999999998,0.03275600000000003
0.03687499999999999,0.03275600000000003
0.029624999999999957,0.03275600000000003
0.025999999999999968,0.03275600000000003
0.028374999999999984,0.03275600000000003
0.034499999999999975,0.03275600000000003
0.024124999999999952,0.03275600000000003
0.030874999999999986,0.03275600000000003
0.03512499999999996,0.03275600000000003
0.026624999999999954,0.03275600000000003
0.02537499999999998,0.03275600000000003
0.028374999999999984,0.03275600000000003
0.02174999999999999,0.03275600000000003
0.030874999999999986,0.03275600000000003
0.027124999999999955,0.03275600000000003
0.024124999999999952,0.03275600000000003
0.029624999999999957,0.03275600000000003
0.025999999999999968,0.03275600000000003
0.02537499999999998,0.04137600000000004
0.03199999999999997,0.03275600000000003
0.03149999999999997,0.03275600000000003
0.028374999999999984,0.04137600000000004
0.02899999999999997,0.03275600000000003
0.029624999999999957,0.03275600000000003
0.030874999999999986,0.03275600000000003
0.02537499999999998,0.03275600000000003
0.027749999999999997,0.03275600000000003
0.026624999999999954,0.03275600000000003
0.027749999999999997,0.03275600000000003
0.030874999999999986,0.03275600000000003
0.03199999999999997,0.04137600000000004
0.02537499999999998,0.03275600000000003
0.03262499999999996,0.04137600000000004
0.03687499999999999,0.04137600000000004
0.03149999999999997,0.03275600000000003
0.027749999999999997,0.03275600000000003
0.02899999999999997,0.03275600000000003
0.03199999999999997,0.03275600000000003
0.030874999999999986,0.03275600000000003
0.02537499999999998,0.03275600000000003
0.027749999999999997,0.03275600000000003
0.028374999999999984,0.04137600000000004
0.027749999999999997,0.04137600000000004
0.027749999999999997,0.03275600000000003
0.030874999999999986,0.03275600000000003
0.023499999999999965,0.03275600000000003
0.033249999999999946,0.03275600000000003
0.027749999999999997,0.03275600000000003
0.02174999999999999,0.03275600000000003
0.03149999999999997,0.04137600000000004
0.027749999999999997,0.03275600000000003
0.02899999999999997,0.03275600000000003
0.02899999999999997,0.04137600000000004
0.025999999999999968,0.03275600000000003
0.027749999999999997,0.03275600000000003
0.029624999999999957,0.03275600000000003
0.03199999999999997,0.03275600000000003
0.029624999999999957,0.03275600000000003
0.03199999999999997,0.03275600000000003
0.024749999999999994,0.03275600000000003
0.03199999999999997,0.04137600000000004
0.030874999999999986,0.04137600000000004
0.02899999999999997,0.03275600000000003
0.03025,0.03275600000000003
0.026624999999999954,0.03275600000000003
0.02899999999999997,0.03275600000000003
0.027124999999999955,0.03275600000000003
0.029624999999999957,0.03275600000000003
0.024124999999999952,0.04137600000000004
0.025999999999999968,0.03275600000000003
0.026624999999999954,0.024136000000000022
0.033249999999999946,0.04137600000000004
0.024749999999999994,0.04137600000000004
0.02899999999999997,0.03275600000000003
0.029624999999999957,0.03275600000000003
0.027124999999999955,0.03275600000000003
0.03025,0.03275600000000003
0.029624999999999957,0.03275600000000003
0.030874999999999986,0.04137600000000004
0.02899999999999997,0.03275600000000003
0.02899999999999997,0.03275600000000003
0.024124999999999952,0.03275600000000003
0.03025,0.04137600000000004
0.028374999999999984,0.03275600000000003
0.03199999999999997,0.03275600000000003
0.027749999999999997,0.04137600000000004
0.027749999999999997,0.03275600000000003
0.03199999999999997,0.03275600000000003
0.030874999999999986,0.03275600000000003
0.029624999999999957,0.04137600000000004
0.029624999999999957,0.03275600000000003
0.02899999999999997,0.04137600000000004
0.02537499999999998,0.03275600000000003
0.02899999999999997,0.03275600000000003
0.02899999999999997,0.03275600000000003
0.024749999999999994,0.03275600000000003
0.027124999999999955,0.03275600000000003
0.02899999999999997,0.04137600000000004
0.03149999999999997,0.03275600000000003
0.03149999999999997,0.03275600000000003
0.025999999999999968,0.03275600000000003
0.027124999999999955,0.03275600000000003
0.029624999999999957,0.03275600000000003
0.03512499999999996,0.03275600000000003
0.027749999999999997,0.03275600000000003
0.026624999999999954,0.03275600000000003
0.033249999999999946,0.04137600000000004
0.03025,0.03275600000000003
0.026624999999999954,0.04137600000000004
0.025999999999999968,0.03275600000000003
0.02899999999999997,0.04137600000000004
0.026624999999999954,0.03275600000000003
0.025999999999999968,0.03275600000000003
0.029624999999999957,0.03275600000000003
0.029624999999999957,0.03275600000000003
0.026624999999999954,0.03275600000000003
0.03199999999999997,0.03275600000000003
0.027749999999999997,0.03275600000000003
0.026624999999999954,0.03275600000000003
0.03199999999999997,0.03275600000000003
0.03025,0.03275600000000003
0.027749999999999997,0.03275600000000003
0.03199999999999997,0.03275600000000003
0.02537499999999998,0.03275600000000003
0.029624999999999957,0.03275600000000003
0.026624999999999954,0.03275600000000003
0.030874999999999986,0.03275600000000003
0.024124999999999952,0.04137600000000004
0.03149999999999997,0.03275600000000003
0.024124999999999952,0.03275600000000003
0.02899999999999997,0.03275600000000003
0.02537499999999998,0.03275600000000003
0.029624999999999957,0.03275600000000003
0.02899999999999997,0.03275600000000003
0.02287499999999998,0.03275600000000003
0.03512499999999996,0.04137600000000004
0.027749999999999997,0.03275600000000003
0.02537499999999998,0.03275600000000003
0.026624999999999954,0.04137600000000004
0.02899999999999997,0.03275600000000003
0.030874999999999986,0.03275600000000003
0.03199999999999997,0.03275600000000003
0.028374999999999984,0.03275600000000003
0.030874999999999986,0.03275600000000003
0.03149999999999997,0.03275600000000003
0.024124999999999952,0.03275600000000003
0.03149999999999997,0.03275600000000003
0.025999999999999968,0.03275600000000003
0.02537499999999998,0.03275600000000003
0.020499999999999963,0.03275600000000003
0.026624999999999954,0.03275600000000003
0.030874999999999986,0.03275600000000003
0.027749999999999997,0.03275600000000003
0.03262499999999996,0.03275600000000003
0.03199999999999997,0.03275600000000003
0.027749999999999997,0.03275600000000003
0.03149999999999997,0.04137600000000004
0.027749999999999997,0.03275600000000003
0.02899999999999997,0.03275600000000003
0.03199999999999997,0.03275600000000003
0.028374999999999984,0.03275600000000003
0.027124999999999955,0.03275600000000003
0.029624999999999957,0.03275600000000003
0.030874999999999986,0.03275600000000003
0.03512499999999996,0.03275600000000003
0.029624999999999957,0.04137600000000004
0.028374999999999984,0.03275600000000003
0.02899999999999997,0.03275600000000003
0.025999999999999968,0.03275600000000003
0.029624999999999957,0.03275600000000003
0.02537499999999998,0.03275600000000003
0.02537499999999998,0.03275600000000003
0.026624999999999954,0.03275600000000003
0.03387499999999999,0.03275600000000003
0.03199999999999997,0.03275600000000003
0.029624999999999957,0.03275600000000003
0.02287499999999998,0.03275600000000003
0.028374999999999984,0.03275600000000003
0.030874999999999986,0.03275600000000003
0.030874999999999986,0.03275600000000003
0.023499999999999965,0.03275600000000003
0.033249999999999946,0.04137600000000004
0.026624999999999954,0.03275600000000003
0.027749999999999997,0.03275600000000003
0.020499999999999963,0.03275600000000003
0.03199999999999997,0.04137600000000004
0.030874999999999986,0.03275600000000003
0.03025,0.03275600000000003
0.024124999999999952,0.03275600000000003
0.03262499999999996,0.03275600000000003
0.03025,0.03275600000000003
0.029624999999999957,0.03275600000000003
0.03149999999999997,0.03275600000000003
0.02899999999999997,0.03275600000000003
0.02899999999999997,0.03275600000000003
0.029624999999999957,0.03275600000000003
0.02537499999999998,0.03275600000000003
0.030874999999999986,0.03275600000000003
0.029624999999999957,0.03275600000000003
0.02174999999999999,0.03275600000000003
0.025999999999999968,0.03275600000000003
0.029624999999999957,0.03275600000000003
0.027749999999999997,0.03275600000000003
0.026624999999999954,0.03275600000000003
0.029624999999999957,0.03275600000000003
0.03637499999999999,0.04137600000000004
0.030874999999999986,0.03275600000000003
0.026624999999999954,0.03275600000000003
0.02537499999999998,0.03275600000000003
0.027749999999999997,0.03275600000000003
0.030874999999999986,0.03275600000000003
0.03025,0.04137600000000004
0.025999999999999968,0.03275600000000003
0.02537499999999998,0.03275600000000003
0.024749999999999994,0.04137600000000004
0.026624999999999954,0.03275600000000003
0.034499999999999975,0.03275600000000003
0.03574999999999995,0.03275600000000003
0.02899999999999997,0.03275600000000003
0.03387499999999999,0.03275600000000003
0.027749999999999997,0.03275600000000003
0.024749999999999994,0.03275600000000003
0.03025,0.03275600000000003
0.026624999999999954,0.04137600000000004
0.033249999999999946,0.04137600000000004
0.027749999999999997,0.03275600000000003
0.029624999999999957,0.03275600000000003
0.030874999999999986,0.03275600000000003
0.026624999999999954,0.03275600000000003
0.023499999999999965,0.03275600000000003
0.028374999999999984,0.03275600000000003
0.027749999999999997,0.03275600000000003
0.026624999999999954,0.03275600000000003
0.033249999999999946,0.04137600000000004
0.024124999999999952,0.03275600000000003
0.03199999999999997,0.03275600000000003
0.02537499999999998,0.03275600000000003
0.029624999999999957,0.03275600000000003
0.02899999999999997,0.03275600000000003
0.03025,0.03275600000000003
0.029624999999999957,0.03275600000000003
0.027749999999999997,0.03275600000000003
0.027749999999999997,0.03275600000000003
0.033249999999999946,0.04137600000000004
0.030874999999999986,0.03275600000000003
0.02537499999999998,0.03275600000000003
0.026624999999999954,0.03275600000000003
0.03512499999999996,0.03275600000000003
0.029624999999999957,0.03275600000000003
0.02287499999999998,0.03275600000000003
0.026624999999999954,0.03275600000000003
0.02537499999999998,0.03275600000000003
0.028374999999999984,0.04137600000000004
0.02899999999999997,0.03275600000000003
0.029624999999999957,0.04137600000000004
0.026624999999999954,0.03275600000000003
0.027749999999999997,0.03275600000000003
0.029624999999999957,0.03275600000000003
0.03199999999999997,0.04137600000000004
0.03199999999999997,0.03275600000000003
0.026624999999999954,0.04137600000000004
0.033249999999999946,0.03275600000000003
0.03262499999999996,0.04137600000000004
0.026624999999999954,0.03275600000000003
0.033249999999999946,0.03275600000000003
0.025999999999999968,0.03275600000000003
0.03387499999999999,0.03275600000000003
0.025999999999999968,0.03275600000000003
0.027749999999999997,0.03275600000000003
0.029624999999999957,0.03275600000000003
0.028374999999999984,0.03275600000000003
0.03262499999999996,0.04137600000000004
0.02899999999999997,0.03275600000000003
0.030874999999999986,0.03275600000000003
0.02537499999999998,0.03275600000000003
0.03149999999999997,0.03275600000000003
0.024124999999999952,0.03275600000000003
0.02899999999999997,0.03275600000000003
0.03387499999999999,0.03275600000000003
0.033249999999999946,0.03275600000000003
0.029624999999999957,0.03275600000000003
0.023499999999999965,0.03275600000000003
0.03025,0.03275600000000003
0.030874999999999986,0.03275600000000003
0.03512499999999996,0.03275600000000003
0.024124999999999952,0.03275600000000003
0.028374999999999984,0.03275600000000003
0.027749999999999997,0.03275600000000003
0.026624999999999954,0.03275600000000003
0.03199999999999997,0.03275600000000003
0.033249999999999946,0.04137600000000004
0.03149999999999997,0.03275600000000003
0.03025,0.04137600000000004
0.03149999999999997,0.03275600000000003
0.03149999999999997,0.03275600000000003
0.02899999999999997,0.03275600000000003
0.025999999999999968,0.03275600000000003
0.030874999999999986,0.03275600000000003
0.03199999999999997,0.03275600000000003
0.02112499999999995,0.03275600000000003
0.028374999999999984,0.03275600000000003
0.027749999999999997,0.03275600000000003
0.030874999999999986,0.03275600000000003
0.02899999999999997,0.03275600000000003
0.02174999999999999,0.03275600000000003
0.02174999999999999,0.03275600000000003
0.03387499999999999,0.03275600000000003
0.02537499999999998,0.04137600000000004
0.027749999999999997,0.04137600000000004
0.02537499999999998,0.03275600000000003
0.02537499999999998,0.04137600000000004
0.027749999999999997,0.03275600000000003
0.026624999999999954,0.03275600000000003
0.02899999999999997,0.03275600000000003
0.03149999999999997,0.03275600000000003
0.03149999999999997,0.03275600000000003
0.017374999999999974,0.03275600000000003
0.03262499999999996,0.03275600000000003
0.029624999999999957,0.04137600000000004
0.029624999999999957,0.03275600000000003
0.027749999999999997,0.04137600000000004
0.026624999999999954,0.03275600000000003
0.029624999999999957,0.03275600000000003
0.033249999999999946,0.04137600000000004
0.02899999999999997,0.03275600000000003
0.02899999999999997,0.03275600000000003
0.024749999999999994,0.03275600000000003
0.03149999999999997,0.03275600000000003
0.020499999999999963,0.04137600000000004
0.03574999999999995,0.04137600000000004
0.025999999999999968,0.04137600000000004
0.028374999999999984,0.03275600000000003
0.02537499999999998,0.03275600000000003
0.03687499999999999,0.04999600000000004
0.03149999999999997,0.04137600000000004
0.027124999999999955,0.03275600000000003
0.033249999999999946,0.04137600000000004
0.03199999999999997,0.04137600000000004
0.030874999999999986,0.03275600000000003
0.02899999999999997,0.04137600000000004
0.029624999999999957,0.03275600000000003
0.026624999999999954,0.03275600000000003
0.02899999999999997,0.03275600000000003
0.025999999999999968,0.03275600000000003
0.024124999999999952,0.03275600000000003
0.030874999999999986,0.03275600000000003
0.02899999999999997,0.03275600000000003
0.027749999999999997,0.04137600000000004
0.023499999999999965,0.03275600000000003
0.02899999999999997,0.04137600000000004
0.024124999999999952,0.03275600000000003
0.030874999999999986,0.03275600000000003
0.024124999999999952,0.03275600000000003
0.02112499999999995,0.03275600000000003
0.029624999999999957,0.04137600000000004
0.028374999999999984,0.03275600000000003
0.027749999999999997,0.03275600000000003
0.029624999999999957,0.04137600000000004
0.02899999999999997,0.03275600000000003
0.026624999999999954,0.04137600000000004
0.027749999999999997,0.03275600000000003
0.02899999999999997,0.03275600000000003
0.029624999999999957,0.03275600000000003
0.03149999999999997,0.04137600000000004
0.02899999999999997,0.03275600000000003
0.03199999999999997,0.03275600000000003
0.024749999999999994,0.03275600000000003
0.026624999999999954,0.03275600000000003
0.030874999999999986,0.03275600000000003
0.03149999999999997,0.04137600000000004
0.025999999999999968,0.03275600000000003
0.024749999999999994,0.03275600000000003
0.03199999999999997,0.03275600000000003
0.030874999999999986,0.03275600000000003
0.034499999999999975,0.03275600000000003
0.026624999999999954,0.03275600000000003
0.03199999999999997,0.03275600000000003
0.033249999999999946,0.03275600000000003
0.022249999999999992,0.03275600000000003
0.03199999999999997,0.03275600000000003
0.024749999999999994,0.03275600000000003
0.03025,0.03275600000000003
0.03512499999999996,0.03275600000000003
0.03025,0.03275600000000003
