0.038124999999999964,0.05861600000000005
0.04974999999999996,0.05861600000000005
0.056999999999999995,0.05861600000000005
0.0595,0.05861600000000005
0.05462499999999998,0.05861600000000005
0.05212499999999998,0.06723600000000006
0.05037499999999995,0.06723600000000006
0.052749999999999964,0.06723600000000006
0.0595,0.06723600000000006
0.04612499999999997,0.06723600000000006
0.03262499999999996,0.05861600000000005
0.05587499999999995,0.05861600000000005
0.045499999999999985,0.05861600000000005
0.042374999999999996,0.05861600000000005
0.03574999999999995,0.05861600000000005
0.06124999999999997,0.05861600000000005
0.04974999999999996,0.06723600000000006
0.04849999999999999,0.05861600000000005
0.042374999999999996,0.05861600000000005
0.03637499999999999,0.05861600000000005
0.03937499999999999,0.05861600000000005
0.04662499999999997,0.06723600000000006
0.044875,0.07585600000000006
0.04362499999999997,0.05861600000000005
0.04612499999999997,0.05861600000000005
0.04974999999999996,0.05861600000000005
0.05824999999999997,0.06723600000000006
0.04124999999999995,0.05861600000000005
0.047874999999999945,0.05861600000000005
0.05149999999999999,0.06723600000000006
0.05099999999999999,0.06723600000000006
0.04124999999999995,0.05861600000000005
0.04974999999999996,0.05861600000000005
0.05462499999999998,0.06723600000000006
0.03149999999999997,0.05861600000000005
0.05212499999999998,0.05861600000000005
0.04974999999999996,0.05861600000000005
0.052749999999999964,0.05861600000000005
0.04124999999999995,0.06723600000000006
0.05212499999999998,0.05861600000000005
0.04974999999999996,0.06723600000000006
0.045499999999999985,0.05861600000000005
0.04974999999999996,0.05861600000000005
0.04299999999999998,0.07585600000000006
0.04849999999999999,0.05861600000000005
0.05824999999999997,0.05861600000000005
0.04724999999999996,0.05861600000000005
0.05212499999999998,0.05861600000000005
0.04974999999999996,0.06723600000000006
0.034499999999999975,0.05861600000000005
0.05099999999999999,0.05861600000000005
0.04124999999999995,0.05861600000000005
0.05762499999999998,0.05861600000000005
0.04724999999999996,0.05861600000000005
0.044875,0.07585600000000006
0.04974999999999996,0.05861600000000005
0.045499999999999985,0.05861600000000005
0.03874999999999995,0.05861600000000005
0.03999999999999998,0.06723600000000006
0.049124999999999974,0.05861600000000005
0.04612499999999997,0.06723600000000006
0.038124999999999964,0.05861600000000005
0.03637499999999999,0.05861600000000005
0.041749999999999954,0.06723600000000006
0.05399999999999999,0.05861600000000005
0.05762499999999998,0.05861600000000005
0.05099999999999999,0.05861600000000005
0.047874999999999945,0.06723600000000006
0.044875,0.06723600000000006
0.03687499999999999,0.05861600000000005
0.04974999999999996,0.07585600000000006
0.055249999999999966,0.07585600000000006
0.055249999999999966,0.06723600000000006
0.04974999999999996,0.05861600000000005
0.042374999999999996,0.05861600000000005
0.044249999999999956,0.06723600000000006
0.045499999999999985,0.05861600000000005
0.05762499999999998,0.05861600000000005
0.04124999999999995,0.05861600000000005
0.044875,0.05861600000000005
0.05399999999999999,0.05861600000000005
0.042374999999999996,0.05861600000000005
0.055249999999999966,0.06723600000000006
0.04612499999999997,0.05861600000000005
0.04299999999999998,0.06723600000000006
0.049124999999999974,0.05861600000000005
0.06499999999999995,0.05861600000000005
0.04612499999999997,0.05861600000000005
0.0595,0.05861600000000005
0.04124999999999995,0.05861600000000005
0.03262499999999996,0.05861600000000005
0.042374999999999996,0.05861600000000005
0.047874999999999945,0.05861600000000005
0.04362499999999997,0.05861600000000005
0.04662499999999997,0.06723600000000006
0.03999999999999998,0.05861600000000005
0.029624999999999957,0.06723600000000006
0.034499999999999975,0.06723600000000006
0.041749999999999954,0.06723600000000006
0.047874999999999945,0.05861600000000005
0.05037499999999995,0.05861600000000005
0.05212499999999998,0.05861600000000005
0.05399999999999999,0.05861600000000005
0.044875,0.05861600000000005
0.049124999999999974,0.05861600000000005
0.04662499999999997,0.06723600000000006
0.05149999999999999,0.06723600000000006
0.05337499999999995,0.05861600000000005
0.04124999999999995,0.05861600000000005
0.05462499999999998,0.05861600000000005
0.04062499999999997,0.05861600000000005
0.03574999999999995,0.05861600000000005
0.05337499999999995,0.05861600000000005
0.05399999999999999,0.05861600000000005
0.044875,0.06723600000000006
0.04612499999999997,0.06723600000000006
0.044875,0.05861600000000005
0.05212499999999998,0.06723600000000006
0.045499999999999985,0.05861600000000005
0.04849999999999999,0.05861600000000005
0.03262499999999996,0.06723600000000006
0.04724999999999996,0.06723600000000006
0.04612499999999997,0.06723600000000006
0.04849999999999999,0.05861600000000005
0.05149999999999999,0.06723600000000006
0.042374999999999996,0.05861600000000005
0.05099999999999999,0.05861600000000005
0.042374999999999996,0.05861600000000005
0.05399999999999999,0.05861600000000005
0.04612499999999997,0.05861600000000005
0.044875,0.06723600000000006
0.04299999999999998,0.05861600000000005
0.052749999999999964,0.05861600000000005
0.03199999999999997,0.06723600000000006
0.04612499999999997,0.06723600000000006
0.04662499999999997,0.05861600000000005
0.04974999999999996,0.05861600000000005
0.05099999999999999,0.06723600000000006
0.042374999999999996,0.05861600000000005
0.05824999999999997,0.06723600000000006
0.041749999999999954,0.06723600000000006
0.05149999999999999,0.05861600000000005
0.06187499999999996,0.06723600000000006
0.042374999999999996,0.06723600000000006
0.049124999999999974,0.05861600000000005
0.05037499999999995,0.06723600000000006
0.0595,0.05861600000000005
0.04849999999999999,0.05861600000000005
0.04849999999999999,0.05861600000000005
0.04299999999999998,0.05861600000000005
0.05212499999999998,0.05861600000000005
0.0625,0.05861600000000005
0.038124999999999964,0.05861600000000005
0.03387499999999999,0.05861600000000005
0.055249999999999966,0.06723600000000006
0.03874999999999995,0.05861600000000005
0.045499999999999985,0.05861600000000005
0.04974999999999996,0.05861600000000005
0.04849999999999999,0.05861600000000005
0.04362499999999997,0.05861600000000005
0.05587499999999995,0.05861600000000005
0.05099999999999999,0.06723600000000006
0.03937499999999999,0.05861600000000005
0.04724999999999996,0.06723600000000006
0.04724999999999996,0.05861600000000005
0.034499999999999975,0.05861600000000005
0.055249999999999966,0.06723600000000006
0.05637499999999995,0.05861600000000005
0.05099999999999999,0.06723600000000006
0.04974999999999996,0.05861600000000005
0.03687499999999999,0.05861600000000005
0.038124999999999964,0.06723600000000006
0.042374999999999996,0.05861600000000005
0.042374999999999996,0.05861600000000005
0.055249999999999966,0.06723600000000006
0.04849999999999999,0.05861600000000005
0.05099999999999999,0.05861600000000005
0.03574999999999995,0.05861600000000005
0.04974999999999996,0.05861600000000005
0.047874999999999945,0.05861600000000005
0.03149999999999997,0.05861600000000005
0.0625,0.05861600000000005
0.05149999999999999,0.06723600000000006
0.044875,0.05861600000000005
0.05099999999999999,0.05861600000000005
0.044875,0.06723600000000006
0.03512499999999996,0.05861600000000005
0.044875,0.05861600000000005
0.03937499999999999,0.05861600000000005
0.042374999999999996,0.05861600000000005
0.04849999999999999,0.06723600000000006
0.04362499999999997,0.05861600000000005
0.052749999999999964,0.06723600000000006
0.042374999999999996,0.06723600000000006
0.03749999999999998,0.05861600000000005
0.047874999999999945,0.05861600000000005
0.03637499999999999,0.05861600000000005
0.05337499999999995,0.06723600000000006
0.03874999999999995,0.06723600000000006
0.04662499999999997,0.06723600000000006
0.03999999999999998,0.05861600000000005
0.04612499999999997,0.06723600000000006
0.038124999999999964,0.05861600000000005
0.04724999999999996,0.06723600000000006
0.05037499999999995,0.05861600000000005
0.04974999999999996,0.05861600000000005
0.044249999999999956,0.05861600000000005
0.05099999999999999,0.05861600000000005
0.06074999999999997,0.05861600000000005
0.041749999999999954,0.07585600000000006
0.05637499999999995,0.05861600000000005
0.055249999999999966,0.05861600000000005
0.05099999999999999,0.07585600000000006
0.04849999999999999,0.06723600000000006
0.03937499999999999,0.06723600000000006
0.058874999999999955,0.06723600000000006
0.038124999999999964,0.05861600000000005
0.03937499999999999,0.07585600000000006
0.05762499999999998,0.06723600000000006
0.056999999999999995,0.05861600000000005
0.049124999999999974,0.05861600000000005
0.05212499999999998,0.05861600000000005
0.03999999999999998,0.05861600000000005
0.05337499999999995,0.06723600000000006
0.05037499999999995,0.06723600000000006
0.04362499999999997,0.05861600000000005
0.04724999999999996,0.06723600000000006
0.042374999999999996,0.05861600000000005
0.03874999999999995,0.07585600000000006
0.052749999999999964,0.05861600000000005
0.0595,0.05861600000000005
0.03937499999999999,0.05861600000000005
0.049124999999999974,0.06723600000000006
0.047874999999999945,0.07585600000000006
0.03937499999999999,0.05861600000000005
0.02899999999999997,0.05861600000000005
0.04124999999999995,0.05861600000000005
0.04612499999999997,0.05861600000000005
0.04849999999999999,0.05861600000000005
0.05149999999999999,0.07585600000000006
0.05337499999999995,0.05861600000000005
0.044875,0.05861600000000005
0.04974999999999996,0.05861600000000005
0.03512499999999996,0.06723600000000006
0.05337499999999995,0.05861600000000005
0.058874999999999955,0.06723600000000006
0.04612499999999997,0.05861600000000005
0.04849999999999999,0.05861600000000005
0.05099999999999999,0.05861600000000005
0.05099999999999999,0.05861600000000005
0.04124999999999995,0.05861600000000005
0.04612499999999997,0.05861600000000005
0.044249999999999956,0.05861600000000005
0.04724999999999996,0.05861600000000005
0.03874999999999995,0.04999600000000004
0.045499999999999985,0.05861600000000005
0.04124999999999995,0.06723600000000006
0.044875,0.05861600000000005
0.04062499999999997,0.05861600000000005
0.034499999999999975,0.06723600000000006
0.045499999999999985,0.05861600000000005
0.0595,0.06723600000000006
0.047874999999999945,0.06723600000000006
0.04974999999999996,0.05861600000000005
0.03999999999999998,0.06723600000000006
0.049124999999999974,0.05861600000000005
0.04724999999999996,0.06723600000000006
0.04612499999999997,0.06723600000000006
0.044249999999999956,0.05861600000000005
0.04724999999999996,0.05861600000000005
0.049124999999999974,0.05861600000000005
0.042374999999999996,0.05861600000000005
0.03874999999999995,0.06723600000000006
0.04062499999999997,0.05861600000000005
0.055249999999999966,0.05861600000000005
0.04124999999999995,0.05861600000000005
0.04849999999999999,0.05861600000000005
0.047874999999999945,0.05861600000000005
0.04362499999999997,0.05861600000000005
0.05099999999999999,0.05861600000000005
0.04612499999999997,0.05861600000000005
0.04062499999999997,0.05861600000000005
0.05099999999999999,0.05861600000000005
0.041749999999999954,0.05861600000000005
0.044249999999999956,0.05861600000000005
0.042374999999999996,0.05861600000000005
0.04724999999999996,0.07585600000000006
0.038124999999999964,0.05861600000000005
0.055249999999999966,0.06723600000000006
0.049124999999999974,0.06723600000000006
0.049124999999999974,0.05861600000000005
0.04124999999999995,0.05861600000000005
0.05099999999999999,0.06723600000000006
0.03937499999999999,0.05861600000000005
0.058874999999999955,0.05861600000000005
0.05099999999999999,0.05861600000000005
0.04062499999999997,0.05861600000000005
0.04124999999999995,0.06723600000000006
0.04724999999999996,0.05861600000000005
0.05762499999999998,0.05861600000000005
0.04124999999999995,0.05861600000000005
0.05587499999999995,0.05861600000000005
0.047874999999999945,0.06723600000000006
0.04362499999999997,0.05861600000000005
0.03937499999999999,0.05861600000000005
0.05212499999999998,0.06723600000000006
0.05462499999999998,0.06723600000000006
0.05637499999999995,0.05861600000000005
0.05399999999999999,0.05861600000000005
0.05099999999999999,0.07585600000000006
0.04362499999999997,0.06723600000000006
0.04662499999999997,0.05861600000000005
0.03574999999999995,0.05861600000000005
0.04362499999999997,0.05861600000000005
0.041749999999999954,0.06723600000000006
0.060124999999999984,0.05861600000000005
0.04662499999999997,0.05861600000000005
0.044875,0.05861600000000005
0.042374999999999996,0.05861600000000005
0.038124999999999964,0.05861600000000005
0.04612499999999997,0.05861600000000005
0.05462499999999998,0.06723600000000006
0.04662499999999997,0.05861600000000005
0.05462499999999998,0.05861600000000005
0.04662499999999997,0.06723600000000006
0.04849999999999999,0.05861600000000005
0.05462499999999998,0.06723600000000006
0.041749999999999954,0.04999600000000004
0.058874999999999955,0.05861600000000005
0.042374999999999996,0.05861600000000005
0.055249999999999966,0.05861600000000005
0.056999999999999995,0.06723600000000006
0.04124999999999995,0.05861600000000005
0.04662499999999997,0.05861600000000005
0.044249999999999956,0.05861600000000005
0.05037499999999995,0.05861600000000005
0.047874999999999945,0.06723600000000006
0.04849999999999999,0.05861600000000005
0.03937499999999999,0.05861600000000005
0.041749999999999954,0.07585600000000006
0.044875,0.05861600000000005
0.05337499999999995,0.05861600000000005
0.05099999999999999,0.06723600000000006
0.04124999999999995,0.05861600000000005
0.05212499999999998,0.05861600000000005
0.041749999999999954,0.05861600000000005
0.038124999999999964,0.04999600000000004
0.04974999999999996,0.05861600000000005
0.04974999999999996,0.06723600000000006
0.05462499999999998,0.07585600000000006
0.05099999999999999,0.05861600000000005
0.05462499999999998,0.06723600000000006
0.05637499999999995,0.06723600000000006
0.041749999999999954,0.05861600000000005
0.042374999999999996,0.05861600000000005
0.044249999999999956,0.06723600000000006
0.052749999999999964,0.06723600000000006
0.05212499999999998,0.05861600000000005
0.04612499999999997,0.06723600000000006
0.047874999999999945,0.05861600000000005
0.0595,0.05861600000000005
0.041749999999999954,0.05861600000000005
0.05099999999999999,0.05861600000000005
0.05099999999999999,0.06723600000000006
0.04612499999999997,0.06723600000000006
0.044875,0.05861600000000005
0.03512499999999996,0.05861600000000005
0.042374999999999996,0.05861600000000005
0.05337499999999995,0.06723600000000006
0.04299999999999998,0.05861600000000005
0.04612499999999997,0.05861600000000005
0.04124999999999995,0.06723600000000006
0.05099999999999999,0.05861600000000005
0.05037499999999995,0.05861600000000005
0.03262499999999996,0.06723600000000006
0.03999999999999998,0.05861600000000005
0.05037499999999995,0.05861600000000005
0.044875,0.05861600000000005
0.045499999999999985,0.05861600000000005
0.04662499999999997,0.06723600000000006
0.04299999999999998,0.05861600000000005
0.045499999999999985,0.05861600000000005
0.04662499999999997,0.05861600000000005
0.04724999999999996,0.06723600000000006
0.04124999999999995,0.06723600000000006
0.044249999999999956,0.05861600000000005
0.052749999999999964,0.05861600000000005
0.04362499999999997,0.06723600000000006
0.03937499999999999,0.05861600000000005
0.044875,0.05861600000000005
0.04362499999999997,0.06723600000000006
0.044249999999999956,0.05861600000000005
0.05149999999999999,0.05861600000000005
0.052749999999999964,0.07585600000000006
0.04299999999999998,0.05861600000000005
0.05149999999999999,0.05861600000000005
0.05212499999999998,0.07585600000000006
0.04362499999999997,0.05861600000000005
0.04974999999999996,0.05861600000000005
0.03999999999999998,0.07585600000000006
0.045499999999999985,0.04999600000000004
0.04724999999999996,0.06723600000000006
0.04062499999999997,0.06723600000000006
0.044875,0.06723600000000006
0.03999999999999998,0.06723600000000006
0.03937499999999999,0.05861600000000005
0.05099999999999999,0.05861600000000005
0.06562499999999999,0.06723600000000006
0.05212499999999998,0.05861600000000005
0.03937499999999999,0.05861600000000005
0.04124999999999995,0.05861600000000005
0.044875,0.05861600000000005
0.04362499999999997,0.05861600000000005
0.05037499999999995,0.05861600000000005
0.04124999999999995,0.06723600000000006
0.04062499999999997,0.05861600000000005
0.041749999999999954,0.06723600000000006
0.04974999999999996,0.05861600000000005
0.04849999999999999,0.05861600000000005
0.05037499999999995,0.06723600000000006
0.033249999999999946,0.05861600000000005
0.052749999999999964,0.05861600000000005
0.04849999999999999,0.06723600000000006
0.038124999999999964,0.05861600000000005
0.04362499999999997,0.05861600000000005
0.05337499999999995,0.06723600000000006
0.04974999999999996,0.05861600000000005
0.038124999999999964,0.05861600000000005
0.03874999999999995,0.06723600000000006
0.05099999999999999,0.05861600000000005
0.03687499999999999,0.05861600000000005
0.04974999999999996,0.05861600000000005
0.04124999999999995,0.06723600000000006
0.044249999999999956,0.06723600000000006
0.0595,0.05861600000000005
0.06124999999999997,0.06723600000000006
0.042374999999999996,0.06723600000000006
0.03937499999999999,0.04999600000000004
0.042374999999999996,0.05861600000000005
0.04849999999999999,0.06723600000000006
0.04362499999999997,0.05861600000000005
0.05099999999999999,0.05861600000000005
0.03937499999999999,0.05861600000000005
0.05149999999999999,0.05861600000000005
0.04849999999999999,0.05861600000000005
0.03937499999999999,0.05861600000000005
0.045499999999999985,0.05861600000000005
0.05462499999999998,0.05861600000000005
0.04612499999999997,0.05861600000000005
0.042374999999999996,0.06723600000000006
0.06074999999999997,0.05861600000000005
0.04062499999999997,0.07585600000000006
0.04612499999999997,0.05861600000000005
0.04849999999999999,0.06723600000000006
0.05037499999999995,0.07585600000000006
0.03687499999999999,0.05861600000000005
0.05099999999999999,0.05861600000000005
0.05212499999999998,0.07585600000000006
0.038124999999999964,0.06723600000000006
0.04612499999999997,0.05861600000000005
0.042374999999999996,0.06723600000000006
0.04362499999999997,0.05861600000000005
0.04362499999999997,0.06723600000000006
0.047874999999999945,0.07585600000000006
0.05762499999999998,0.06723600000000006
0.042374999999999996,0.05861600000000005
0.045499999999999985,0.06723600000000006
0.04124999999999995,0.05861600000000005
0.05212499999999998,0.05861600000000005
0.05637499999999995,0.05861600000000005
0.034499999999999975,0.05861600000000005
0.04062499999999997,0.05861600000000005
0.04849999999999999,0.05861600000000005
0.060124999999999984,0.05861600000000005
0.042374999999999996,0.06723600000000006
0.03999999999999998,0.06723600000000006
0.044875,0.05861600000000005
0.04849999999999999,0.05861600000000005
0.05037499999999995,0.05861600000000005
0.04612499999999997,0.05861600000000005
0.04612499999999997,0.06723600000000006
0.04612499999999997,0.06723600000000006
0.0595,0.05861600000000005
0.042374999999999996,0.05861600000000005
0.04724999999999996,0.04999600000000004
0.055249999999999966,0.05861600000000005
0.038124999999999964,0.05861600000000005
0.04612499999999997,0.06723600000000006
0.04362499999999997,0.06723600000000006
0.04974999999999996,0.06723600000000006
0.05637499999999995,0.06723600000000006
0.049124999999999974,0.05861600000000005
0.03937499999999999,0.05861600000000005
0.04849999999999999,0.05861600000000005
0.042374999999999996,0.06723600000000006
0.04849999999999999,0.05861600000000005
0.041749999999999954,0.06723600000000006
0.041749999999999954,0.06723600000000006
0.04362499999999997,0.05861600000000005
0.04612499999999997,0.06723600000000006
0.04974999999999996,0.06723600000000006
0.03637499999999999,0.05861600000000005
0.04299999999999998,0.05861600000000005
0.055249999999999966,0.06723600000000006
0.042374999999999996,0.05861600000000005
0.04299999999999998,0.05861600000000005
0.033249999999999946,0.05861600000000005
0.05637499999999995,0.05861600000000005
0.044875,0.06723600000000006
0.05337499999999995,0.05861600000000005
0.055249999999999966,0.05861600000000005
0.05399999999999999,0.06723600000000006
0.04612499999999997,0.05861600000000005
0.041749999999999954,0.05861600000000005
0.04662499999999997,0.05861600000000005
0.05587499999999995,0.06723600000000006
0.05399999999999999,0.05861600000000005
0.04974999999999996,0.05861600000000005
0.04124999999999995,0.06723600000000006
0.05212499999999998,0.05861600000000005
0.05337499999999995,0.05861600000000005
0.044875,0.05861600000000005
0.055249999999999966,0.05861600000000005
0.03937499999999999,0.05861600000000005
0.044249999999999956,0.05861600000000005
0.04724999999999996,0.05861600000000005
0.044875,0.05861600000000005
0.03874999999999995,0.06723600000000006
0.04362499999999997,0.06723600000000006
0.03687499999999999,0.06723600000000006
0.05212499999999998,0.06723600000000006
0.04724999999999996,0.05861600000000005
0.04974999999999996,0.06723600000000006
0.05212499999999998,0.05861600000000005
0.05149999999999999,0.06723600000000006
0.04662499999999997,0.05861600000000005
0.04974999999999996,0.05861600000000005
0.044875,0.05861600000000005
0.04062499999999997,0.05861600000000005
0.03512499999999996,0.06723600000000006
0.04362499999999997,0.05861600000000005
0.04124999999999995,0.06723600000000006
0.044875,0.05861600000000005
0.04849999999999999,0.05861600000000005
0.055249999999999966,0.06723600000000006
0.04724999999999996,0.05861600000000005
0.049124999999999974,0.05861600000000005
0.044249999999999956,0.06723600000000006
0.034499999999999975,0.05861600000000005
0.05099999999999999,0.06723600000000006
0.044249999999999956,0.05861600000000005
0.04124999999999995,0.04999600000000004
0.04124999999999995,0.06723600000000006
0.03749999999999998,0.06723600000000006
0.044875,0.05861600000000005
0.04062499999999997,0.05861600000000005
0.04362499999999997,0.06723600000000006
0.05587499999999995,0.06723600000000006
0.052749999999999964,0.05861600000000005
0.05212499999999998,0.05861600000000005
0.03574999999999995,0.05861600000000005
0.04849999999999999,0.05861600000000005
0.05099999999999999,0.05861600000000005
0.03199999999999997,0.05861600000000005
0.03512499999999996,0.05861600000000005
0.05637499999999995,0.06723600000000006
0.044249999999999956,0.06723600000000006
0.04662499999999997,0.05861600000000005
0.045499999999999985,0.06723600000000006
0.047874999999999945,0.05861600000000005
0.04849999999999999,0.06723600000000006
0.047874999999999945,0.05861600000000005
0.03937499999999999,0.05861600000000005
0.042374999999999996,0.05861600000000005
0.04974999999999996,0.05861600000000005
0.04362499999999997,0.06723600000000006
0.049124999999999974,0.05861600000000005
0.04062499999999997,0.05861600000000005
0.04974999999999996,0.06723600000000006
0.042374999999999996,0.05861600000000005
0.05037499999999995,0.06723600000000006
0.05149999999999999,0.06723600000000006
0.03637499999999999,0.05861600000000005
0.05462499999999998,0.05861600000000005
0.04849999999999999,0.06723600000000006
0.04612499999999997,0.05861600000000005
0.044249999999999956,0.05861600000000005
0.05099999999999999,0.07585600000000006
0.03937499999999999,0.06723600000000006
0.044875,0.05861600000000005
0.04612499999999997,0.05861600000000005
0.044875,0.05861600000000005
0.05762499999999998,0.06723600000000006
0.045499999999999985,0.06723600000000006
0.04974999999999996,0.05861600000000005
0.05149999999999999,0.07585600000000006
0.03199999999999997,0.05861600000000005
0.04724999999999996,0.05861600000000005
0.03874999999999995,0.07585600000000006
0.04849999999999999,0.05861600000000005
0.04612499999999997,0.06723600000000006
0.055249999999999966,0.05861600000000005
0.05099999999999999,0.05861600000000005
0.042374999999999996,0.06723600000000006
0.052749999999999964,0.05861600000000005
0.041749999999999954,0.06723600000000006
0.042374999999999996,0.05861600000000005
0.049124999999999974,0.05861600000000005
0.05099999999999999,0.06723600000000006
0.04124999999999995,0.07585600000000006
0.044875,0.05861600000000005
0.044875,0.06723600000000006
0.044875,0.06723600000000006
0.04062499999999997,0.06723600000000006
0.04062499999999997,0.06723600000000006
0.04612499999999997,0.05861600000000005
0.05337499999999995,0.06723600000000006
0.049124999999999974,0.05861600000000005
0.047874999999999945,0.05861600000000005
0.056999999999999995,0.05861600000000005
0.055249999999999966,0.05861600000000005
0.03687499999999999,0.06723600000000006
0.04974999999999996,0.06723600000000006
0.041749999999999954,0.06723600000000006
0.027749999999999997,0.07585600000000006
0.055249999999999966,0.07585600000000006
0.04062499999999997,0.05861600000000005
0.03999999999999998,0.05861600000000005
0.04724999999999996,0.06723600000000006
0.03937499999999999,0.05861600000000005
0.034499999999999975,0.05861600000000005
0.04612499999999997,0.05861600000000005
0.03937499999999999,0.06723600000000006
0.04362499999999997,0.05861600000000005
0.04612499999999997,0.06723600000000006
0.05212499999999998,0.05861600000000005
0.05149999999999999,0.05861600000000005
0.03149999999999997,0.05861600000000005
0.05037499999999995,0.05861600000000005
0.042374999999999996,0.06723600000000006
0.049124999999999974,0.05861600000000005
0.038124999999999964,0.05861600000000005
0.04849999999999999,0.06723600000000006
0.04362499999999997,0.05861600000000005
0.06187499999999996,0.05861600000000005
0.042374999999999996,0.05861600000000005
0.05399999999999999,0.05861600000000005
0.04849999999999999,0.05861600000000005
0.04062499999999997,0.05861600000000005
0.060124999999999984,0.05861600000000005
0.056999999999999995,0.05861600000000005
0.04299999999999998,0.05861600000000005
0.04662499999999997,0.05861600000000005
0.04974999999999996,0.06723600000000006
0.055249999999999966,0.05861600000000005
0.04724999999999996,0.06723600000000006
0.04612499999999997,0.06723600000000006
0.03687499999999999,0.05861600000000005
0.05099999999999999,0.05861600000000005
0.047874999999999945,0.05861600000000005
0.04724999999999996,0.05861600000000005
0.04062499999999997,0.05861600000000005
0.04849999999999999,0.05861600000000005
0.044875,0.05861600000000005
0.04612499999999997,0.06723600000000006
0.05462499999999998,0.06723600000000006
0.05099999999999999,0.05861600000000005
0.04662499999999997,0.06723600000000006
0.05212499999999998,0.05861600000000005
0.042374999999999996,0.05861600000000005
0.06862499999999999,0.05861600000000005
0.05399999999999999,0.06723600000000006
0.033249999999999946,0.05861600000000005
0.05399999999999999,0.05861600000000005
0.05099999999999999,0.06723600000000006
0.052749999999999964,0.06723600000000006
0.042374999999999996,0.05861600000000005
0.04612499999999997,0.05861600000000005
0.04849999999999999,0.06723600000000006
0.04849999999999999,0.05861600000000005
0.04612499999999997,0.05861600000000005
0.049124999999999974,0.05861600000000005
0.04724999999999996,0.05861600000000005
0.044875,0.06723600000000006
0.042374999999999996,0.05861600000000005
0.03999999999999998,0.05861600000000005
0.05149999999999999,0.05861600000000005
0.058874999999999955,0.05861600000000005
0.042374999999999996,0.05861600000000005
0.029624999999999957,0.05861600000000005
0.03999999999999998,0.05861600000000005
0.038124999999999964,0.06723600000000006
0.047874999999999945,0.05861600000000005
0.04362499999999997,0.05861600000000005
0.05462499999999998,0.05861600000000005
0.05399999999999999,0.05861600000000005
0.044875,0.06723600000000006
0.05399999999999999,0.05861600000000005
0.04612499999999997,0.05861600000000005
0.045499999999999985,0.05861600000000005
0.052749999999999964,0.06723600000000006
0.047874999999999945,0.06723600000000006
0.04849999999999999,0.05861600000000005
0.038124999999999964,0.05861600000000005
0.05149999999999999,0.05861600000000005
0.05149999999999999,0.05861600000000005
0.05587499999999995,0.05861600000000005
0.04362499999999997,0.05861600000000005
0.05099999999999999,0.05861600000000005
0.049124999999999974,0.05861600000000005
0.05337499999999995,0.05861600000000005
0.03637499999999999,0.05861600000000005
0.05037499999999995,0.06723600000000006
0.05212499999999998,0.05861600000000005
0.05099999999999999,0.05861600000000005
0.05462499999999998,0.05861600000000005
0.04124999999999995,0.05861600000000005
0.04612499999999997,0.05861600000000005
0.04612499999999997,0.05861600000000005
0.042374999999999996,0.06723600000000006
0.05149999999999999,0.05861600000000005
0.049124999999999974,0.05861600000000005
0.04849999999999999,0.05861600000000005
0.03637499999999999,0.05861600000000005
0.042374999999999996,0.05861600000000005
0.05762499999999998,0.05861600000000005
0.04724999999999996,0.06723600000000006
0.047874999999999945,0.05861600000000005
0.06074999999999997,0.05861600000000005
0.03937499999999999,0.05861600000000005
0.04612499999999997,0.06723600000000006
0.05149999999999999,0.05861600000000005
0.04612499999999997,0.05861600000000005
0.038124999999999964,0.05861600000000005
0.04612499999999997,0.05861600000000005
0.04849999999999999,0.05861600000000005
0.03749999999999998,0.05861600000000005
0.04362499999999997,0.05861600000000005
0.04849999999999999,0.06723600000000006
0.04362499999999997,0.06723600000000006
0.049124999999999974,0.05861600000000005
0.052749999999999964,0.07585600000000006
0.044875,0.06723600000000006
0.055249999999999966,0.06723600000000006
0.04724999999999996,0.05861600000000005
0.04362499999999997,0.05861600000000005
0.04299999999999998,0.05861600000000005
0.044875,0.05861600000000005
0.038124999999999964,0.05861600000000005
0.04124999999999995,0.05861600000000005
0.026624999999999954,0.06723600000000006
0.04612499999999997,0.05861600000000005
0.04124999999999995,0.05861600000000005
0.04612499999999997,0.05861600000000005
0.05149999999999999,0.05861600000000005
0.04612499999999997,0.06723600000000006
0.03937499999999999,0.05861600000000005
0.044249999999999956,0.05861600000000005
0.05824999999999997,0.05861600000000005
0.05212499999999998,0.05861600000000005
0.045499999999999985,0.05861600000000005
0.033249999999999946,0.05861600000000005
0.03999999999999998,0.05861600000000005
0.06312499999999999,0.05861600000000005
0.04362499999999997,0.05861600000000005
0.042374999999999996,0.05861600000000005
0.04724999999999996,0.05861600000000005
0.047874999999999945,0.05861600000000005
0.04724999999999996,0.06723600000000006
0.042374999999999996,0.05861600000000005
0.04724999999999996,0.05861600000000005
0.04362499999999997,0.07585600000000006
0.05337499999999995,0.06723600000000006
0.03574999999999995,0.06723600000000006
0.05337499999999995,0.05861600000000005
0.05399999999999999,0.06723600000000006
0.05212499999999998,0.05861600000000005
0.05587499999999995,0.05861600000000005
0.04124999999999995,0.06723600000000006
0.04362499999999997,0.04999600000000004
