0.05462499999999998,0.07585600000000006
0.05099999999999999,0.07585600000000006
0.045499999999999985,0.07585600000000006
0.04974999999999996,0.07585600000000006
0.055249999999999966,0.07585600000000006
0.06674999999999998,0.07585600000000006
0.05099999999999999,0.08275200000000008
0.06374999999999997,0.08275200000000008
0.04724999999999996,0.07585600000000006
0.052749999999999964,0.08275200000000008
0.04849999999999999,0.07585600000000006
0.045499999999999985,0.07585600000000006
0.05462499999999998,0.08275200000000008
0.06074999999999997,0.07585600000000006
0.05149999999999999,0.06723600000000006
0.05462499999999998,0.07585600000000006
0.04974999999999996,0.08275200000000008
0.047874999999999945,0.07585600000000006
0.05212499999999998,0.07585600000000006
0.06499999999999995,0.07585600000000006
0.05212499999999998,0.06723600000000006
0.05462499999999998,0.08275200000000008
0.06124999999999997,0.07585600000000006
0.05462499999999998,0.07585600000000006
0.06562499999999999,0.08275200000000008
0.06437499999999996,0.07585600000000006
0.04612499999999997,0.07585600000000006
0.06862499999999999,0.07585600000000006
0.058874999999999955,0.08275200000000008
0.04974999999999996,0.07585600000000006
0.05399999999999999,0.08275200000000008
0.058874999999999955,0.06723600000000006
0.05462499999999998,0.08275200000000008
0.060124999999999984,0.07585600000000006
0.04612499999999997,0.07585600000000006
0.04612499999999997,0.06723600000000006
0.04724999999999996,0.07585600000000006
0.047874999999999945,0.08275200000000008
0.058874999999999955,0.08275200000000008
0.06074999999999997,0.08275200000000008
0.04362499999999997,0.07585600000000006
0.06924999999999998,0.06723600000000006
0.049124999999999974,0.06723600000000006
0.060124999999999984,0.08275200000000008
0.05149999999999999,0.08275200000000008
0.04662499999999997,0.06723600000000006
0.05399999999999999,0.08275200000000008
0.071625,0.06723600000000006
0.05099999999999999,0.08275200000000008
0.05762499999999998,0.07585600000000006
0.0625,0.06723600000000006
0.05337499999999995,0.07585600000000006
0.0595,0.07585600000000006
0.0595,0.07585600000000006
0.03874999999999995,0.07585600000000006
0.0625,0.06723600000000006
0.058874999999999955,0.06723600000000006
0.03874999999999995,0.08275200000000008
0.055249999999999966,0.08275200000000008
0.05212499999999998,0.07585600000000006
0.05337499999999995,0.08275200000000008
0.04062499999999997,0.07585600000000006
0.058874999999999955,0.08275200000000008
0.0625,0.07585600000000006
0.0625,0.08275200000000008
0.04362499999999997,0.07585600000000006
0.056999999999999995,0.07585600000000006
0.05462499999999998,0.08275200000000008
0.052749999999999964,0.06723600000000006
0.05212499999999998,0.08275200000000008
0.05212499999999998,0.07585600000000006
0.05399999999999999,0.07585600000000006
0.05762499999999998,0.08275200000000008
0.05037499999999995,0.08275200000000008
0.060124999999999984,0.08275200000000008
0.052749999999999964,0.06723600000000006
0.03387499999999999,0.08275200000000008
0.041749999999999954,0.07585600000000006
0.05099999999999999,0.08275200000000008
0.04724999999999996,0.08275200000000008
0.042374999999999996,0.08275200000000008
0.04974999999999996,0.07585600000000006
0.04062499999999997,0.07585600000000006
0.04299999999999998,0.06723600000000006
0.04974999999999996,0.07585600000000006
0.06124999999999997,0.08275200000000008
0.04724999999999996,0.08275200000000008
0.05462499999999998,0.07585600000000006
0.05149999999999999,0.07585600000000006
0.06124999999999997,0.08275200000000008
0.05399999999999999,0.07585600000000006
0.05337499999999995,0.07585600000000006
0.05399999999999999,0.07585600000000006
0.055249999999999966,0.08275200000000008
0.04849999999999999,0.07585600000000006
0.06924999999999998,0.07585600000000006
0.049124999999999974,0.07585600000000006
0.04612499999999997,0.06723600000000006
0.052749999999999964,0.08275200000000008
0.05337499999999995,0.06723600000000006
0.05462499999999998,0.07585600000000006
0.056999999999999995,0.07585600000000006
0.045499999999999985,0.07585600000000006
0.05212499999999998,0.07585600000000006
0.056999999999999995,0.07585600000000006
0.034499999999999975,0.07585600000000006
0.06074999999999997,0.08275200000000008
0.052749999999999964,0.07585600000000006
0.0625,0.07585600000000006
0.05824999999999997,0.07585600000000006
0.06499999999999995,0.08275200000000008
0.04849999999999999,0.06723600000000006
0.06562499999999999,0.07585600000000006
0.0595,0.08275200000000008
0.06862499999999999,0.07585600000000006
0.06737499999999996,0.07585600000000006
0.07899999999999996,0.08275200000000008
0.05762499999999998,0.08275200000000008
0.055249999999999966,0.06723600000000006
0.05824999999999997,0.08275200000000008
0.04849999999999999,0.08275200000000008
0.05337499999999995,0.07585600000000006
0.05399999999999999,0.08275200000000008
0.0595,0.08275200000000008
0.034499999999999975,0.07585600000000006
0.05637499999999995,0.08275200000000008
0.0595,0.08275200000000008
0.05462499999999998,0.07585600000000006
0.0625,0.07585600000000006
0.05637499999999995,0.06723600000000006
0.05399999999999999,0.08275200000000008
0.04849999999999999,0.07585600000000006
0.06312499999999999,0.07585600000000006
0.04299999999999998,0.08275200000000008
0.05824999999999997,0.07585600000000006
0.06312499999999999,0.07585600000000006
0.044875,0.07585600000000006
0.05762499999999998,0.08275200000000008
0.05462499999999998,0.07585600000000006
0.04849999999999999,0.08275200000000008
0.05462499999999998,0.07585600000000006
0.05212499999999998,0.06723600000000006
0.058874999999999955,0.07585600000000006
0.05399999999999999,0.08275200000000008
0.06437499999999996,0.06723600000000006
0.058874999999999955,0.07585600000000006
0.06674999999999998,0.07585600000000006
0.042374999999999996,0.08275200000000008
0.04849999999999999,0.07585600000000006
0.05762499999999998,0.08275200000000008
0.04062499999999997,0.08275200000000008
0.05149999999999999,0.07585600000000006
0.06374999999999997,0.08275200000000008
0.05824999999999997,0.08275200000000008
0.05824999999999997,0.05861600000000005
0.071625,0.08275200000000008
0.04299999999999998,0.07585600000000006
0.05037499999999995,0.07585600000000006
0.04062499999999997,0.07585600000000006
0.06124999999999997,0.07585600000000006
0.074125,0.08275200000000008
0.05212499999999998,0.07585600000000006
0.05587499999999995,0.07585600000000006
0.055249999999999966,0.08275200000000008
0.058874999999999955,0.07585600000000006
0.04849999999999999,0.08275200000000008
0.05587499999999995,0.08275200000000008
0.05099999999999999,0.08275200000000008
0.04062499999999997,0.07585600000000006
0.060124999999999984,0.07585600000000006
0.04849999999999999,0.08275200000000008
0.05212499999999998,0.07585600000000006
0.05149999999999999,0.07585600000000006
0.07287499999999997,0.07585600000000006
0.055249999999999966,0.07585600000000006
0.05762499999999998,0.07585600000000006
0.055249999999999966,0.08275200000000008
0.05824999999999997,0.07585600000000006
0.044875,0.07585600000000006
0.05587499999999995,0.08275200000000008
0.05587499999999995,0.07585600000000006
0.06437499999999996,0.08275200000000008
0.04612499999999997,0.08275200000000008
0.058874999999999955,0.07585600000000006
0.042374999999999996,0.08275200000000008
0.0595,0.08275200000000008
0.058874999999999955,0.07585600000000006
0.05212499999999998,0.07585600000000006
0.05099999999999999,0.07585600000000006
0.033249999999999946,0.07585600000000006
0.0625,0.06723600000000006
0.04612499999999997,0.07585600000000006
0.06124999999999997,0.08275200000000008
0.03262499999999996,0.08275200000000008
0.05212499999999998,0.07585600000000006
0.060124999999999984,0.06723600000000006
0.04062499999999997,0.08275200000000008
0.060124999999999984,0.08275200000000008
0.055249999999999966,0.07585600000000006
0.047874999999999945,0.08275200000000008
0.04849999999999999,0.07585600000000006
0.06312499999999999,0.07585600000000006
0.06074999999999997,0.08275200000000008
0.0595,0.06723600000000006
0.05212499999999998,0.07585600000000006
0.04299999999999998,0.07585600000000006
0.055249999999999966,0.07585600000000006
0.05762499999999998,0.08275200000000008
0.055249999999999966,0.07585600000000006
0.05462499999999998,0.06723600000000006
0.05762499999999998,0.08275200000000008
0.05399999999999999,0.08275200000000008
0.060124999999999984,0.07585600000000006
0.058874999999999955,0.06723600000000006
0.06862499999999999,0.08275200000000008
0.03637499999999999,0.07585600000000006
0.05399999999999999,0.06723600000000006
0.0625,0.08275200000000008
0.04724999999999996,0.07585600000000006
0.044875,0.07585600000000006
0.044875,0.07585600000000006
0.05399999999999999,0.08275200000000008
0.05587499999999995,0.08275200000000008
0.06374999999999997,0.07585600000000006
0.05212499999999998,0.08275200000000008
0.04974999999999996,0.07585600000000006
0.05337499999999995,0.08275200000000008
0.05337499999999995,0.08275200000000008
0.0595,0.07585600000000006
0.03874999999999995,0.07585600000000006
0.047874999999999945,0.08275200000000008
0.05762499999999998,0.08275200000000008
0.04362499999999997,0.06723600000000006
0.05587499999999995,0.08275200000000008
0.04724999999999996,0.08275200000000008
0.041749999999999954,0.07585600000000006
0.055249999999999966,0.07585600000000006
0.06124999999999997,0.07585600000000006
0.04662499999999997,0.07585600000000006
0.04062499999999997,0.07585600000000006
0.04974999999999996,0.07585600000000006
0.05399999999999999,0.08275200000000008
0.05099999999999999,0.08275200000000008
0.05462499999999998,0.07585600000000006
0.052749999999999964,0.07585600000000006
0.05212499999999998,0.08275200000000008
0.06499999999999995,0.07585600000000006
0.03874999999999995,0.06723600000000006
0.05824999999999997,0.07585600000000006
0.05587499999999995,0.07585600000000006
0.055249999999999966,0.06723600000000006
0.05037499999999995,0.07585600000000006
0.04724999999999996,0.08275200000000008
0.04974999999999996,0.08275200000000008
0.058874999999999955,0.06723600000000006
0.06074999999999997,0.08275200000000008
0.03874999999999995,0.08275200000000008
0.05337499999999995,0.07585600000000006
0.04724999999999996,0.08275200000000008
0.04974999999999996,0.07585600000000006
0.06924999999999998,0.07585600000000006
0.07649999999999996,0.07585600000000006
0.0625,0.07585600000000006
0.055249999999999966,0.06723600000000006
0.07537499999999997,0.06723600000000006
0.05762499999999998,0.07585600000000006
0.06374999999999997,0.07585600000000006
0.04662499999999997,0.07585600000000006
0.06499999999999995,0.08275200000000008
0.06312499999999999,0.07585600000000006
0.05099999999999999,0.07585600000000006
0.041749999999999954,0.07585600000000006
0.04724999999999996,0.08275200000000008
0.058874999999999955,0.07585600000000006
0.044875,0.07585600000000006
0.06124999999999997,0.08275200000000008
0.05149999999999999,0.06723600000000006
0.05587499999999995,0.08275200000000008
0.0595,0.08275200000000008
0.05149999999999999,0.06723600000000006
0.06437499999999996,0.07585600000000006
0.055249999999999966,0.07585600000000006
0.06312499999999999,0.08275200000000008
0.05212499999999998,0.07585600000000006
0.056999999999999995,0.08275200000000008
0.058874999999999955,0.07585600000000006
0.05462499999999998,0.08275200000000008
0.04612499999999997,0.08275200000000008
0.04062499999999997,0.07585600000000006
0.06124999999999997,0.08275200000000008
0.04362499999999997,0.07585600000000006
0.05637499999999995,0.06723600000000006
0.060124999999999984,0.06723600000000006
0.05149999999999999,0.07585600000000006
0.058874999999999955,0.07585600000000006
0.04662499999999997,0.05861600000000005
0.056999999999999995,0.08275200000000008
0.05212499999999998,0.07585600000000006
0.06124999999999997,0.07585600000000006
0.04612499999999997,0.08275200000000008
0.05337499999999995,0.07585600000000006
0.06074999999999997,0.08275200000000008
0.06187499999999996,0.06723600000000006
0.05637499999999995,0.06723600000000006
0.0595,0.08275200000000008
0.05037499999999995,0.08275200000000008
0.05099999999999999,0.06723600000000006
0.056999999999999995,0.08275200000000008
0.0625,0.07585600000000006
0.0625,0.06723600000000006
0.060124999999999984,0.07585600000000006
0.042374999999999996,0.07585600000000006
0.05462499999999998,0.07585600000000006
0.06124999999999997,0.08275200000000008
0.04299999999999998,0.07585600000000006
0.07049999999999995,0.07585600000000006
0.044249999999999956,0.07585600000000006
0.05399999999999999,0.06723600000000006
0.060124999999999984,0.08275200000000008
0.05462499999999998,0.07585600000000006
0.05637499999999995,0.06723600000000006
0.06562499999999999,0.08275200000000008
0.05637499999999995,0.08275200000000008
0.0595,0.06723600000000006
0.055249999999999966,0.06723600000000006
0.058874999999999955,0.08275200000000008
0.05824999999999997,0.07585600000000006
0.05587499999999995,0.08275200000000008
0.044875,0.08275200000000008
0.04724999999999996,0.07585600000000006
0.06124999999999997,0.06723600000000006
0.042374999999999996,0.07585600000000006
0.0595,0.08275200000000008
0.056999999999999995,0.07585600000000006
0.06312499999999999,0.08275200000000008
0.04124999999999995,0.07585600000000006
0.04124999999999995,0.08275200000000008
0.047874999999999945,0.08275200000000008
0.056999999999999995,0.07585600000000006
0.06562499999999999,0.07585600000000006
0.06499999999999995,0.07585600000000006
0.05824999999999997,0.07585600000000006
0.04612499999999997,0.07585600000000006
0.05637499999999995,0.07585600000000006
0.06437499999999996,0.07585600000000006
0.04974999999999996,0.06723600000000006
0.06499999999999995,0.07585600000000006
0.047874999999999945,0.07585600000000006
0.05099999999999999,0.06723600000000006
0.058874999999999955,0.07585600000000006
0.055249999999999966,0.07585600000000006
0.06074999999999997,0.07585600000000006
0.04724999999999996,0.07585600000000006
0.05637499999999995,0.08275200000000008
0.06074999999999997,0.08275200000000008
0.06562499999999999,0.08275200000000008
0.056999999999999995,0.08275200000000008
0.055249999999999966,0.07585600000000006
0.055249999999999966,0.07585600000000006
0.05099999999999999,0.07585600000000006
0.05149999999999999,0.08275200000000008
0.06924999999999998,0.06723600000000006
0.04612499999999997,0.07585600000000006
0.04974999999999996,0.07585600000000006
0.0595,0.06723600000000006
0.055249999999999966,0.07585600000000006
0.04849999999999999,0.08275200000000008
0.05212499999999998,0.06723600000000006
0.05399999999999999,0.07585600000000006
0.042374999999999996,0.08275200000000008
0.044249999999999956,0.07585600000000006
0.0625,0.08275200000000008
0.04362499999999997,0.07585600000000006
0.04849999999999999,0.08275200000000008
0.04849999999999999,0.08275200000000008
0.04974999999999996,0.08275200000000008
0.05762499999999998,0.08275200000000008
0.04662499999999997,0.07585600000000006
0.05099999999999999,0.08275200000000008
0.060124999999999984,0.08275200000000008
0.04612499999999997,0.08275200000000008
0.052749999999999964,0.05861600000000005
0.055249999999999966,0.07585600000000006
0.05637499999999995,0.07585600000000006
0.056999999999999995,0.07585600000000006
0.05462499999999998,0.08275200000000008
0.06312499999999999,0.08275200000000008
0.05762499999999998,0.08275200000000008
0.056999999999999995,0.07585600000000006
0.052749999999999964,0.07585600000000006
0.06612499999999999,0.07585600000000006
0.04724999999999996,0.08275200000000008
0.05149999999999999,0.08275200000000008
0.049124999999999974,0.08275200000000008
0.060124999999999984,0.07585600000000006
0.060124999999999984,0.07585600000000006
0.06674999999999998,0.07585600000000006
0.07774999999999999,0.08275200000000008
0.058874999999999955,0.07585600000000006
0.044249999999999956,0.07585600000000006
0.044875,0.06723600000000006
0.056999999999999995,0.08275200000000008
0.052749999999999964,0.07585600000000006
0.06799999999999995,0.07585600000000006
0.06187499999999996,0.06723600000000006
0.05099999999999999,0.08275200000000008
0.044875,0.08275200000000008
0.06124999999999997,0.08275200000000008
0.05824999999999997,0.08275200000000008
0.047874999999999945,0.09137200000000008
0.05212499999999998,0.06723600000000006
0.04974999999999996,0.07585600000000006
0.04849999999999999,0.08275200000000008
0.05462499999999998,0.08275200000000008
0.05149999999999999,0.06723600000000006
0.05762499999999998,0.08275200000000008
0.06562499999999999,0.08275200000000008
0.05587499999999995,0.08275200000000008
0.05762499999999998,0.08275200000000008
0.056999999999999995,0.08275200000000008
0.05587499999999995,0.07585600000000006
0.056999999999999995,0.08275200000000008
0.05399999999999999,0.07585600000000006
0.04849999999999999,0.08275200000000008
0.05637499999999995,0.06723600000000006
0.05462499999999998,0.08275200000000008
0.04724999999999996,0.06723600000000006
0.06124999999999997,0.06723600000000006
0.05099999999999999,0.07585600000000006
0.05149999999999999,0.07585600000000006
0.06862499999999999,0.08275200000000008
0.03749999999999998,0.07585600000000006
0.05399999999999999,0.07585600000000006
0.05337499999999995,0.08275200000000008
0.044249999999999956,0.07585600000000006
0.05762499999999998,0.08275200000000008
0.04662499999999997,0.07585600000000006
0.05399999999999999,0.08275200000000008
0.06374999999999997,0.08275200000000008
0.05762499999999998,0.07585600000000006
0.04662499999999997,0.08275200000000008
0.06124999999999997,0.08275200000000008
0.06987499999999996,0.07585600000000006
0.055249999999999966,0.07585600000000006
0.05399999999999999,0.06723600000000006
0.058874999999999955,0.08275200000000008
0.05824999999999997,0.08275200000000008
0.05399999999999999,0.07585600000000006
0.0625,0.07585600000000006
0.06124999999999997,0.08275200000000008
0.05637499999999995,0.07585600000000006
0.06074999999999997,0.06723600000000006
0.05587499999999995,0.08275200000000008
0.05099999999999999,0.07585600000000006
0.047874999999999945,0.07585600000000006
0.049124999999999974,0.07585600000000006
0.047874999999999945,0.08275200000000008
0.052749999999999964,0.08275200000000008
0.056999999999999995,0.07585600000000006
0.05099999999999999,0.07585600000000006
0.06737499999999996,0.06723600000000006
0.060124999999999984,0.08275200000000008
0.04662499999999997,0.06723600000000006
0.05337499999999995,0.07585600000000006
0.060124999999999984,0.08275200000000008
0.07049999999999995,0.08275200000000008
0.058874999999999955,0.08275200000000008
0.047874999999999945,0.08275200000000008
0.060124999999999984,0.07585600000000006
0.06674999999999998,0.07585600000000006
0.045499999999999985,0.08275200000000008
0.0595,0.07585600000000006
0.047874999999999945,0.07585600000000006
0.038124999999999964,0.07585600000000006
0.06187499999999996,0.08275200000000008
0.04662499999999997,0.08275200000000008
0.056999999999999995,0.08275200000000008
0.06074999999999997,0.08275200000000008
0.049124999999999974,0.07585600000000006
0.05637499999999995,0.08275200000000008
0.058874999999999955,0.07585600000000006
0.05637499999999995,0.07585600000000006
0.06374999999999997,0.07585600000000006
0.05824999999999997,0.07585600000000006
0.056999999999999995,0.07585600000000006
0.05637499999999995,0.07585600000000006
0.06374999999999997,0.07585600000000006
0.06674999999999998,0.08275200000000008
0.055249999999999966,0.07585600000000006
0.06124999999999997,0.07585600000000006
0.04362499999999997,0.07585600000000006
0.04724999999999996,0.08275200000000008
0.05337499999999995,0.08275200000000008
0.05762499999999998,0.07585600000000006
0.05399999999999999,0.07585600000000006
0.06074999999999997,0.08275200000000008
0.04124999999999995,0.07585600000000006
0.06437499999999996,0.08275200000000008
0.052749999999999964,0.06723600000000006
0.04849999999999999,0.08275200000000008
0.06374999999999997,0.07585600000000006
0.05462499999999998,0.08275200000000008
0.06562499999999999,0.07585600000000006
0.04124999999999995,0.08275200000000008
0.056999999999999995,0.07585600000000006
0.04974999999999996,0.07585600000000006
0.047874999999999945,0.08275200000000008
0.060124999999999984,0.08275200000000008
0.047874999999999945,0.07585600000000006
0.05399999999999999,0.07585600000000006
0.055249999999999966,0.07585600000000006
0.06499999999999995,0.07585600000000006
0.058874999999999955,0.08275200000000008
0.06374999999999997,0.07585600000000006
0.06374999999999997,0.07585600000000006
0.05337499999999995,0.07585600000000006
0.06374999999999997,0.07585600000000006
0.06562499999999999,0.08275200000000008
0.04299999999999998,0.08275200000000008
0.05337499999999995,0.08275200000000008
0.042374999999999996,0.07585600000000006
0.042374999999999996,0.07585600000000006
0.04724999999999996,0.07585600000000006
0.060124999999999984,0.08275200000000008
0.05149999999999999,0.07585600000000006
0.03574999999999995,0.07585600000000006
0.04974999999999996,0.08275200000000008
0.04612499999999997,0.07585600000000006
0.05337499999999995,0.07585600000000006
0.05762499999999998,0.07585600000000006
0.0625,0.07585600000000006
0.0595,0.08275200000000008
0.05762499999999998,0.08275200000000008
0.04849999999999999,0.07585600000000006
0.06562499999999999,0.08275200000000008
0.047874999999999945,0.07585600000000006
0.06499999999999995,0.07585600000000006
0.05587499999999995,0.08275200000000008
0.0595,0.08275200000000008
0.047874999999999945,0.08275200000000008
0.05399999999999999,0.08275200000000008
0.06924999999999998,0.07585600000000006
0.05637499999999995,0.08275200000000008
0.04612499999999997,0.07585600000000006
0.05099999999999999,0.08275200000000008
0.04849999999999999,0.08275200000000008
0.055249999999999966,0.08275200000000008
0.06074999999999997,0.07585600000000006
0.05462499999999998,0.08275200000000008
0.06499999999999995,0.08275200000000008
0.055249999999999966,0.07585600000000006
0.058874999999999955,0.07585600000000006
0.05337499999999995,0.08275200000000008
0.04062499999999997,0.09137200000000008
0.042374999999999996,0.07585600000000006
0.058874999999999955,0.06723600000000006
0.058874999999999955,0.08275200000000008
0.05149999999999999,0.08275200000000008
0.04662499999999997,0.07585600000000006
0.05462499999999998,0.07585600000000006
0.05462499999999998,0.08275200000000008
0.05337499999999995,0.07585600000000006
0.05462499999999998,0.07585600000000006
0.04974999999999996,0.08275200000000008
0.056999999999999995,0.07585600000000006
0.05337499999999995,0.07585600000000006
0.04849999999999999,0.08275200000000008
0.04662499999999997,0.08275200000000008
0.052749999999999964,0.08275200000000008
0.05462499999999998,0.07585600000000006
0.04724999999999996,0.08275200000000008
0.04362499999999997,0.08275200000000008
0.05337499999999995,0.07585600000000006
0.05099999999999999,0.07585600000000006
0.05037499999999995,0.08275200000000008
0.055249999999999966,0.07585600000000006
0.06924999999999998,0.07585600000000006
0.06074999999999997,0.08275200000000008
0.05149999999999999,0.07585600000000006
0.058874999999999955,0.05861600000000005
0.06374999999999997,0.07585600000000006
0.04662499999999997,0.08275200000000008
0.047874999999999945,0.07585600000000006
0.04662499999999997,0.08275200000000008
0.05462499999999998,0.06723600000000006
0.06374999999999997,0.07585600000000006
0.03937499999999999,0.07585600000000006
0.04612499999999997,0.07585600000000006
0.05099999999999999,0.08275200000000008
0.044875,0.06723600000000006
0.05399999999999999,0.08275200000000008
0.06374999999999997,0.07585600000000006
0.05399999999999999,0.07585600000000006
0.04724999999999996,0.08275200000000008
0.04849999999999999,0.06723600000000006
0.05587499999999995,0.06723600000000006
0.04612499999999997,0.07585600000000006
0.07099999999999995,0.08275200000000008
0.044875,0.08275200000000008
0.03937499999999999,0.07585600000000006
0.04849999999999999,0.08275200000000008
0.04974999999999996,0.07585600000000006
0.05762499999999998,0.08275200000000008
0.05587499999999995,0.06723600000000006
0.04299999999999998,0.07585600000000006
0.05099999999999999,0.08275200000000008
0.052749999999999964,0.06723600000000006
0.052749999999999964,0.08275200000000008
0.06074999999999997,0.08275200000000008
0.055249999999999966,0.08275200000000008
0.05037499999999995,0.07585600000000006
0.055249999999999966,0.08275200000000008
0.05037499999999995,0.08275200000000008
0.04849999999999999,0.08275200000000008
0.04849999999999999,0.08275200000000008
0.05824999999999997,0.08275200000000008
0.06074999999999997,0.08275200000000008
0.06074999999999997,0.06723600000000006
0.04662499999999997,0.08275200000000008
0.04849999999999999,0.08275200000000008
0.06124999999999997,0.07585600000000006
0.05337499999999995,0.08275200000000008
0.06187499999999996,0.07585600000000006
0.047874999999999945,0.08275200000000008
0.05399999999999999,0.07585600000000006
0.05037499999999995,0.08275200000000008
0.034499999999999975,0.07585600000000006
0.05399999999999999,0.08275200000000008
0.05149999999999999,0.07585600000000006
0.05587499999999995,0.07585600000000006
0.06312499999999999,0.07585600000000006
0.049124999999999974,0.07585600000000006
0.052749999999999964,0.06723600000000006
0.049124999999999974,0.07585600000000006
0.05637499999999995,0.07585600000000006
0.05824999999999997,0.06723600000000006
0.06612499999999999,0.08275200000000008
0.058874999999999955,0.06723600000000006
0.06737499999999996,0.07585600000000006
0.04724999999999996,0.08275200000000008
0.05212499999999998,0.06723600000000006
0.05212499999999998,0.08275200000000008
0.05824999999999997,0.07585600000000006
0.06562499999999999,0.08275200000000008
0.04974999999999996,0.07585600000000006
0.03749999999999998,0.08275200000000008
0.0625,0.08275200000000008
0.05212499999999998,0.08275200000000008
0.06074999999999997,0.08275200000000008
0.044249999999999956,0.08275200000000008
0.060124999999999984,0.07585600000000006
0.06799999999999995,0.06723600000000006
0.05587499999999995,0.07585600000000006
0.05637499999999995,0.08275200000000008
0.044875,0.08275200000000008
0.04124999999999995,0.07585600000000006
0.03387499999999999,0.07585600000000006
0.04062499999999997,0.07585600000000006
0.07287499999999997,0.07585600000000006
0.060124999999999984,0.08275200000000008
0.06987499999999996,0.07585600000000006
0.06674999999999998,0.08275200000000008
0.04849999999999999,0.07585600000000006
0.05762499999999998,0.08275200000000008
0.06612499999999999,0.07585600000000006
0.055249999999999966,0.07585600000000006
0.04362499999999997,0.07585600000000006
0.04974999999999996,0.06723600000000006
0.056999999999999995,0.08275200000000008
0.052749999999999964,0.08275200000000008
0.058874999999999955,0.08275200000000008
0.05587499999999995,0.08275200000000008
0.04662499999999997,0.07585600000000006
0.056999999999999995,0.08275200000000008
0.03687499999999999,0.07585600000000006
0.056999999999999995,0.07585600000000006
0.06374999999999997,0.08275200000000008
0.04974999999999996,0.07585600000000006
0.05637499999999995,0.07585600000000006
0.06499999999999995,0.08275200000000008
0.055249999999999966,0.06723600000000006
0.060124999999999984,0.08275200000000008
0.06124999999999997,0.08275200000000008
0.060124999999999984,0.08275200000000008
0.05824999999999997,0.06723600000000006
0.04612499999999997,0.07585600000000006
0.05399999999999999,0.08275200000000008
0.0625,0.08275200000000008
0.05637499999999995,0.07585600000000006
0.05337499999999995,0.08275200000000008
0.05037499999999995,0.07585600000000006
0.056999999999999995,0.08275200000000008
0.049124999999999974,0.07585600000000006
0.04724999999999996,0.07585600000000006
0.055249999999999966,0.08275200000000008
0.05762499999999998,0.07585600000000006
0.05212499999999998,0.06723600000000006
0.05337499999999995,0.07585600000000006
0.058874999999999955,0.07585600000000006
0.06499999999999995,0.07585600000000006
0.05637499999999995,0.07585600000000006
0.05399999999999999,0.08275200000000008
0.06437499999999996,0.07585600000000006
0.05762499999999998,0.08275200000000008
0.03999999999999998,0.07585600000000006
0.04974999999999996,0.08275200000000008
0.05637499999999995,0.08275200000000008
0.0595,0.08275200000000008
0.0625,0.08275200000000008
0.052749999999999964,0.07585600000000006
0.06124999999999997,0.07585600000000006
0.05337499999999995,0.07585600000000006
0.044249999999999956,0.08275200000000008
0.05337499999999995,0.06723600000000006
0.0595,0.09137200000000008
0.05149999999999999,0.07585600000000006
0.05462499999999998,0.07585600000000006
0.06374999999999997,0.08275200000000008
0.055249999999999966,0.07585600000000006
0.06312499999999999,0.07585600000000006
0.06987499999999996,0.08275200000000008
0.042374999999999996,0.08275200000000008
0.04974999999999996,0.06723600000000006
0.05587499999999995,0.08275200000000008
0.07099999999999995,0.07585600000000006
0.05399999999999999,0.07585600000000006
0.044875,0.07585600000000006
0.03637499999999999,0.07585600000000006
0.04849999999999999,0.08275200000000008
0.04724999999999996,0.07585600000000006
0.038124999999999964,0.06723600000000006
0.03999999999999998,0.08275200000000008
0.05149999999999999,0.08275200000000008
0.03999999999999998,0.07585600000000006
0.042374999999999996,0.07585600000000006
0.05212499999999998,0.07585600000000006
0.04974999999999996,0.07585600000000006
0.0595,0.07585600000000006
0.06374999999999997,0.06723600000000006
0.06312499999999999,0.08275200000000008
0.05399999999999999,0.07585600000000006
0.03937499999999999,0.07585600000000006
0.06562499999999999,0.07585600000000006
0.05337499999999995,0.07585600000000006
0.055249999999999966,0.08275200000000008
0.055249999999999966,0.08275200000000008
0.06562499999999999,0.07585600000000006
0.03637499999999999,0.08275200000000008
0.055249999999999966,0.08275200000000008
0.04849999999999999,0.08275200000000008
0.0625,0.08275200000000008
0.05637499999999995,0.07585600000000006
0.06374999999999997,0.06723600000000006
0.05762499999999998,0.08275200000000008
0.05212499999999998,0.07585600000000006
0.042374999999999996,0.07585600000000006
0.060124999999999984,0.07585600000000006
0.03687499999999999,0.07585600000000006
0.05212499999999998,0.07585600000000006
0.06437499999999996,0.07585600000000006
0.05637499999999995,0.07585600000000006
0.05037499999999995,0.08275200000000008
0.04612499999999997,0.07585600000000006
0.055249999999999966,0.08275200000000008
0.05762499999999998,0.08275200000000008
0.05099999999999999,0.06723600000000006
0.03937499999999999,0.08275200000000008
0.0595,0.07585600000000006
0.06124999999999997,0.07585600000000006
0.04062499999999997,0.08275200000000008
0.04849999999999999,0.07585600000000006
0.05337499999999995,0.07585600000000006
0.04662499999999997,0.08275200000000008
0.055249999999999966,0.07585600000000006
0.04974999999999996,0.07585600000000006
0.042374999999999996,0.07585600000000006
0.06799999999999995,0.08275200000000008
0.05099999999999999,0.07585600000000006
0.05337499999999995,0.08275200000000008
0.05587499999999995,0.08275200000000008
0.05337499999999995,0.07585600000000006
0.04849999999999999,0.08275200000000008
0.04974999999999996,0.08275200000000008
0.04849999999999999,0.07585600000000006
0.06674999999999998,0.08275200000000008
0.04362499999999997,0.07585600000000006
0.06562499999999999,0.08275200000000008
0.05099999999999999,0.07585600000000006
0.05762499999999998,0.07585600000000006
0.05824999999999997,0.07585600000000006
0.03874999999999995,0.06723600000000006
0.058874999999999955,0.08275200000000008
0.03937499999999999,0.06723600000000006
0.04612499999999997,0.06723600000000006
0.056999999999999995,0.08275200000000008
0.06074999999999997,0.07585600000000006
0.060124999999999984,0.07585600000000006
0.05149999999999999,0.07585600000000006
0.04612499999999997,0.06723600000000006
0.04612499999999997,0.08275200000000008
0.055249999999999966,0.05861600000000005
0.074125,0.08275200000000008
0.0625,0.08275200000000008
0.056999999999999995,0.07585600000000006
0.049124999999999974,0.07585600000000006
0.05099999999999999,0.07585600000000006
0.05762499999999998,0.07585600000000006
0.05824999999999997,0.07585600000000006
0.06124999999999997,0.08275200000000008
0.06674999999999998,0.07585600000000006
0.05637499999999995,0.08275200000000008
0.06124999999999997,0.07585600000000006
0.044875,0.07585600000000006
0.04362499999999997,0.07585600000000006
0.05099999999999999,0.07585600000000006
0.047874999999999945,0.07585600000000006
0.04299999999999998,0.07585600000000006
0.05587499999999995,0.07585600000000006
0.058874999999999955,0.07585600000000006
0.05037499999999995,0.08275200000000008
0.03999999999999998,0.06723600000000006
0.05037499999999995,0.07585600000000006
0.04849999999999999,0.07585600000000006
0.05337499999999995,0.07585600000000006
0.05637499999999995,0.08275200000000008
0.05337499999999995,0.07585600000000006
0.038124999999999964,0.07585600000000006
0.06562499999999999,0.08275200000000008
0.04362499999999997,0.07585600000000006
0.05399999999999999,0.07585600000000006
0.05399999999999999,0.08275200000000008
0.05337499999999995,0.08275200000000008
0.05399999999999999,0.08275200000000008
0.06187499999999996,0.07585600000000006
0.058874999999999955,0.08275200000000008
0.04724999999999996,0.07585600000000006
0.05399999999999999,0.07585600000000006
0.04974999999999996,0.07585600000000006
0.05337499999999995,0.07585600000000006
0.055249999999999966,0.08275200000000008
0.05099999999999999,0.08275200000000008
0.05212499999999998,0.07585600000000006
0.05399999999999999,0.07585600000000006
0.06187499999999996,0.08275200000000008
0.05149999999999999,0.07585600000000006
0.06562499999999999,0.08275200000000008
0.05762499999999998,0.08275200000000008
0.05037499999999995,0.07585600000000006
0.055249999999999966,0.07585600000000006
0.05587499999999995,0.08275200000000008
0.058874999999999955,0.08275200000000008
0.04974999999999996,0.07585600000000006
0.05212499999999998,0.07585600000000006
0.05762499999999998,0.08275200000000008
0.05149999999999999,0.07585600000000006
0.0595,0.07585600000000006
0.06074999999999997,0.08275200000000008
0.049124999999999974,0.05861600000000005
0.06674999999999998,0.07585600000000006
0.06612499999999999,0.08275200000000008
0.04724999999999996,0.07585600000000006
0.05824999999999997,0.07585600000000006
0.052749999999999964,0.08275200000000008
0.055249999999999966,0.07585600000000006
0.056999999999999995,0.07585600000000006
0.05099999999999999,0.08275200000000008
0.05824999999999997,0.08275200000000008
0.0625,0.08275200000000008
0.045499999999999985,0.07585600000000006
0.06499999999999995,0.07585600000000006
0.05462499999999998,0.06723600000000006
0.060124999999999984,0.07585600000000006
0.055249999999999966,0.08275200000000008
0.04974999999999996,0.07585600000000006
0.05762499999999998,0.08275200000000008
0.05337499999999995,0.08275200000000008
0.047874999999999945,0.07585600000000006
0.04974999999999996,0.08275200000000008
0.05762499999999998,0.07585600000000006
0.044249999999999956,0.08275200000000008
0.0595,0.06723600000000006
0.05637499999999995,0.08275200000000008
0.04724999999999996,0.08275200000000008
0.06124999999999997,0.06723600000000006
0.04062499999999997,0.09137200000000008
0.05399999999999999,0.06723600000000006
0.05637499999999995,0.07585600000000006
0.06124999999999997,0.08275200000000008
0.042374999999999996,0.07585600000000006
0.0625,0.08275200000000008
0.06924999999999998,0.07585600000000006
0.06562499999999999,0.07585600000000006
0.044875,0.08275200000000008
0.05587499999999995,0.07585600000000006
0.05099999999999999,0.07585600000000006
0.04974999999999996,0.07585600000000006
0.047874999999999945,0.06723600000000006
0.05637499999999995,0.08275200000000008
0.05149999999999999,0.07585600000000006
0.060124999999999984,0.07585600000000006
0.05337499999999995,0.07585600000000006
0.05149999999999999,0.08275200000000008
0.045499999999999985,0.07585600000000006
0.05099999999999999,0.08275200000000008
0.041749999999999954,0.06723600000000006
0.047874999999999945,0.07585600000000006
0.04974999999999996,0.07585600000000006
0.05399999999999999,0.08275200000000008
0.06674999999999998,0.07585600000000006
0.05762499999999998,0.09137200000000008
0.04849999999999999,0.07585600000000006
0.05212499999999998,0.07585600000000006
0.060124999999999984,0.08275200000000008
0.05462499999999998,0.07585600000000006
0.05212499999999998,0.06723600000000006
0.038124999999999964,0.08275200000000008
0.04974999999999996,0.08275200000000008
0.05462499999999998,0.07585600000000006
0.04362499999999997,0.08275200000000008
0.03999999999999998,0.07585600000000006
0.06124999999999997,0.07585600000000006
0.04849999999999999,0.07585600000000006
0.052749999999999964,0.07585600000000006
0.056999999999999995,0.08275200000000008
0.05212499999999998,0.07585600000000006
0.04974999999999996,0.06723600000000006
0.03574999999999995,0.07585600000000006
0.05337499999999995,0.08275200000000008
0.044249999999999956,0.07585600000000006
0.055249999999999966,0.08275200000000008
0.06074999999999997,0.08275200000000008
0.04362499999999997,0.08275200000000008
0.05099999999999999,0.06723600000000006
0.06374999999999997,0.08275200000000008
0.07049999999999995,0.08275200000000008
0.04662499999999997,0.06723600000000006
0.06924999999999998,0.06723600000000006
0.07049999999999995,0.08275200000000008
0.06987499999999996,0.06723600000000006
0.045499999999999985,0.06723600000000006
0.055249999999999966,0.08275200000000008
0.060124999999999984,0.08275200000000008
0.05337499999999995,0.07585600000000006
0.05462499999999998,0.08275200000000008
0.047874999999999945,0.08275200000000008
0.04974999999999996,0.08275200000000008
0.04849999999999999,0.07585600000000006
0.04612499999999997,0.07585600000000006
0.05637499999999995,0.08275200000000008
0.05212499999999998,0.06723600000000006
0.06612499999999999,0.06723600000000006
0.06499999999999995,0.08275200000000008
0.04849999999999999,0.07585600000000006
0.055249999999999966,0.08275200000000008
0.05337499999999995,0.07585600000000006
0.06124999999999997,0.06723600000000006
0.05762499999999998,0.08275200000000008
0.034499999999999975,0.06723600000000006
0.04974999999999996,0.07585600000000006
0.05149999999999999,0.07585600000000006
0.05099999999999999,0.08275200000000008
0.0625,0.08275200000000008
0.05399999999999999,0.07585600000000006
0.055249999999999966,0.08275200000000008
0.05824999999999997,0.08275200000000008
0.06499999999999995,0.07585600000000006
0.04849999999999999,0.08275200000000008
0.04849999999999999,0.07585600000000006
0.04299999999999998,0.08275200000000008
0.05399999999999999,0.07585600000000006
0.05037499999999995,0.07585600000000006
0.0595,0.08275200000000008
0.05212499999999998,0.08275200000000008
0.055249999999999966,0.06723600000000006
0.04724999999999996,0.07585600000000006
0.04974999999999996,0.07585600000000006
0.060124999999999984,0.09137200000000008
0.055249999999999966,0.06723600000000006
0.06374999999999997,0.07585600000000006
0.055249999999999966,0.08275200000000008
0.0625,0.06723600000000006
0.042374999999999996,0.06723600000000006
0.06374999999999997,0.07585600000000006
0.05824999999999997,0.08275200000000008
0.038124999999999964,0.06723600000000006
0.03874999999999995,0.07585600000000006
0.04612499999999997,0.08275200000000008
0.05462499999999998,0.08275200000000008
0.04849999999999999,0.07585600000000006
0.055249999999999966,0.07585600000000006
0.055249999999999966,0.08275200000000008
0.052749999999999964,0.08275200000000008
0.04849999999999999,0.07585600000000006
0.0595,0.08275200000000008
0.05399999999999999,0.08275200000000008
0.06737499999999996,0.07585600000000006
0.03574999999999995,0.07585600000000006
0.05637499999999995,0.08275200000000008
0.05462499999999998,0.08275200000000008
0.05762499999999998,0.08275200000000008
0.05399999999999999,0.08275200000000008
0.05399999999999999,0.07585600000000006
0.06312499999999999,0.07585600000000006
0.058874999999999955,0.08275200000000008
0.05462499999999998,0.08275200000000008
0.05587499999999995,0.07585600000000006
0.05399999999999999,0.07585600000000006
0.05399999999999999,0.08275200000000008
0.06562499999999999,0.06723600000000006
0.05337499999999995,0.08275200000000008
0.06124999999999997,0.08275200000000008
0.06437499999999996,0.07585600000000006
0.05462499999999998,0.08275200000000008
0.05149999999999999,0.07585600000000006
0.060124999999999984,0.07585600000000006
0.05399999999999999,0.08275200000000008
0.05399999999999999,0.07585600000000006
0.06499999999999995,0.08275200000000008
0.05037499999999995,0.08275200000000008
0.05462499999999998,0.07585600000000006
0.05337499999999995,0.07585600000000006
0.058874999999999955,0.07585600000000006
0.04362499999999997,0.07585600000000006
0.06124999999999997,0.07585600000000006
0.05149999999999999,0.08275200000000008
0.06499999999999995,0.07585600000000006
0.06074999999999997,0.08275200000000008
0.042374999999999996,0.07585600000000006
0.06374999999999997,0.08275200000000008
0.05037499999999995,0.06723600000000006
0.0625,0.08275200000000008
0.060124999999999984,0.08275200000000008
0.042374999999999996,0.07585600000000006
0.03637499999999999,0.07585600000000006
0.060124999999999984,0.08275200000000008
0.044875,0.07585600000000006
0.05337499999999995,0.08275200000000008
0.05824999999999997,0.06723600000000006
0.06374999999999997,0.06723600000000006
0.06674999999999998,0.07585600000000006
0.06124999999999997,0.07585600000000006
0.0595,0.06723600000000006
0.05099999999999999,0.07585600000000006
0.055249999999999966,0.08275200000000008
0.05399999999999999,0.08275200000000008
0.06499999999999995,0.08275200000000008
0.034499999999999975,0.07585600000000006
0.03999999999999998,0.08275200000000008
0.047874999999999945,0.08275200000000008
0.0625,0.07585600000000006
0.05099999999999999,0.07585600000000006
0.058874999999999955,0.05861600000000005
0.06674999999999998,0.07585600000000006
0.05762499999999998,0.07585600000000006
0.05637499999999995,0.06723600000000006
0.056999999999999995,0.07585600000000006
0.04124999999999995,0.08275200000000008
0.058874999999999955,0.07585600000000006
0.04849999999999999,0.07585600000000006
0.055249999999999966,0.08275200000000008
0.04362499999999997,0.07585600000000006
0.05037499999999995,0.08275200000000008
0.05099999999999999,0.06723600000000006
0.060124999999999984,0.07585600000000006
0.06187499999999996,0.08275200000000008
0.06499999999999995,0.07585600000000006
0.06374999999999997,0.08275200000000008
0.05462499999999998,0.07585600000000006
0.04612499999999997,0.06723600000000006
0.05337499999999995,0.08275200000000008
0.05824999999999997,0.07585600000000006
0.05824999999999997,0.07585600000000006
0.06124999999999997,0.07585600000000006
0.05037499999999995,0.08275200000000008
0.05212499999999998,0.08275200000000008
0.06074999999999997,0.08275200000000008
0.055249999999999966,0.07585600000000006
0.05099999999999999,0.06723600000000006
0.047874999999999945,0.08275200000000008
0.060124999999999984,0.08275200000000008
0.05212499999999998,0.07585600000000006
0.0625,0.07585600000000006
0.05149999999999999,0.07585600000000006
0.05099999999999999,0.07585600000000006
0.047874999999999945,0.07585600000000006
0.042374999999999996,0.08275200000000008
0.04974999999999996,0.07585600000000006
0.05762499999999998,0.08275200000000008
0.06499999999999995,0.08275200000000008
0.058874999999999955,0.08275200000000008
0.05587499999999995,0.07585600000000006
0.05587499999999995,0.08275200000000008
0.05587499999999995,0.07585600000000006
0.052749999999999964,0.08275200000000008
0.055249999999999966,0.07585600000000006
0.044249999999999956,0.06723600000000006
0.05824999999999997,0.07585600000000006
0.04974999999999996,0.08275200000000008
0.049124999999999974,0.08275200000000008
0.04974999999999996,0.07585600000000006
0.05212499999999998,0.07585600000000006
0.05762499999999998,0.08275200000000008
0.04974999999999996,0.08275200000000008
0.055249999999999966,0.06723600000000006
0.058874999999999955,0.08275200000000008
0.05337499999999995,0.08275200000000008
0.04299999999999998,0.08275200000000008
0.05212499999999998,0.08275200000000008
0.05399999999999999,0.08275200000000008
0.058874999999999955,0.07585600000000006
0.047874999999999945,0.07585600000000006
0.06612499999999999,0.07585600000000006
0.06074999999999997,0.08275200000000008
0.047874999999999945,0.08275200000000008
0.05587499999999995,0.06723600000000006
0.05099999999999999,0.08275200000000008
0.05637499999999995,0.06723600000000006
0.045499999999999985,0.05861600000000005
0.06499999999999995,0.08275200000000008
0.05099999999999999,0.08275200000000008
0.05149999999999999,0.07585600000000006
0.06074999999999997,0.08275200000000008
0.05212499999999998,0.07585600000000006
0.06612499999999999,0.08275200000000008
0.06074999999999997,0.08275200000000008
0.041749999999999954,0.06723600000000006
0.05637499999999995,0.07585600000000006
0.05762499999999998,0.07585600000000006
0.044249999999999956,0.06723600000000006
0.05149999999999999,0.08275200000000008
0.04974999999999996,0.07585600000000006
0.05762499999999998,0.07585600000000006
0.05337499999999995,0.08275200000000008
0.044249999999999956,0.07585600000000006
0.05037499999999995,0.06723600000000006
0.05212499999999998,0.08275200000000008
0.044875,0.07585600000000006
0.05824999999999997,0.08275200000000008
0.03999999999999998,0.07585600000000006
0.05587499999999995,0.07585600000000006
0.05762499999999998,0.08275200000000008
0.05212499999999998,0.08275200000000008
0.06312499999999999,0.07585600000000006
0.06374999999999997,0.08275200000000008
0.05399999999999999,0.07585600000000006
0.05587499999999995,0.07585600000000006
0.058874999999999955,0.07585600000000006
0.04849999999999999,0.07585600000000006
0.055249999999999966,0.06723600000000006
0.044875,0.08275200000000008
0.05037499999999995,0.07585600000000006
0.05824999999999997,0.08275200000000008
0.0595,0.08275200000000008
0.04612499999999997,0.08275200000000008
0.05149999999999999,0.08275200000000008
0.045499999999999985,0.07585600000000006
0.05037499999999995,0.08275200000000008
0.05337499999999995,0.07585600000000006
0.05587499999999995,0.08275200000000008
0.04724999999999996,0.07585600000000006
0.041749999999999954,0.07585600000000006
0.04974999999999996,0.08275200000000008
0.06862499999999999,0.07585600000000006
0.05637499999999995,0.07585600000000006
0.06674999999999998,0.07585600000000006
0.06374999999999997,0.08275200000000008
0.04612499999999997,0.08275200000000008
0.05212499999999998,0.07585600000000006
0.05637499999999995,0.08275200000000008
0.04849999999999999,0.07585600000000006
0.07287499999999997,0.07585600000000006
0.060124999999999984,0.07585600000000006
0.0625,0.07585600000000006
0.04724999999999996,0.08275200000000008
0.05212499999999998,0.08275200000000008
0.052749999999999964,0.08275200000000008
0.04662499999999997,0.07585600000000006
0.055249999999999966,0.07585600000000006
0.05637499999999995,0.07585600000000006
0.05337499999999995,0.07585600000000006
0.06312499999999999,0.06723600000000006
0.05762499999999998,0.08275200000000008
0.05637499999999995,0.08275200000000008
0.06187499999999996,0.06723600000000006
0.056999999999999995,0.08275200000000008
0.05099999999999999,0.06723600000000006
0.06499999999999995,0.06723600000000006
0.047874999999999945,0.07585600000000006
0.04724999999999996,0.07585600000000006
0.058874999999999955,0.06723600000000006
0.06187499999999996,0.08275200000000008
0.04724999999999996,0.07585600000000006
0.047874999999999945,0.07585600000000006
0.058874999999999955,0.07585600000000006
0.06924999999999998,0.06723600000000006
0.0625,0.08275200000000008
0.05399999999999999,0.06723600000000006
0.07049999999999995,0.07585600000000006
0.0595,0.08275200000000008
0.06374999999999997,0.07585600000000006
0.056999999999999995,0.07585600000000006
0.044875,0.08275200000000008
0.060124999999999984,0.08275200000000008
0.05462499999999998,0.07585600000000006
0.04724999999999996,0.06723600000000006
0.05337499999999995,0.06723600000000006
0.044249999999999956,0.08275200000000008
0.05637499999999995,0.07585600000000006
0.05212499999999998,0.08275200000000008
0.047874999999999945,0.07585600000000006
0.06499999999999995,0.07585600000000006
0.047874999999999945,0.08275200000000008
0.047874999999999945,0.07585600000000006
0.058874999999999955,0.08275200000000008
0.060124999999999984,0.09137200000000008
0.060124999999999984,0.07585600000000006
0.06499999999999995,0.08275200000000008
0.05337499999999995,0.07585600000000006
0.05337499999999995,0.07585600000000006
0.05037499999999995,0.08275200000000008
0.05824999999999997,0.08275200000000008
0.0625,0.06723600000000006
0.0595,0.08275200000000008
0.04974999999999996,0.08275200000000008
0.05099999999999999,0.08275200000000008
0.05462499999999998,0.08275200000000008
0.05762499999999998,0.07585600000000006
0.06737499999999996,0.08275200000000008
0.05462499999999998,0.07585600000000006
0.06674999999999998,0.07585600000000006
0.04662499999999997,0.07585600000000006
0.05637499999999995,0.08275200000000008
0.049124999999999974,0.07585600000000006
0.06562499999999999,0.08275200000000008
0.05212499999999998,0.07585600000000006
0.05399999999999999,0.07585600000000006
0.04124999999999995,0.08275200000000008
0.04662499999999997,0.07585600000000006
0.04124999999999995,0.08275200000000008
0.06612499999999999,0.06723600000000006
0.04724999999999996,0.07585600000000006
0.05462499999999998,0.07585600000000006
0.07287499999999997,0.06723600000000006
0.05587499999999995,0.07585600000000006
0.04974999999999996,0.08275200000000008
0.04362499999999997,0.08275200000000008
0.05399999999999999,0.08275200000000008
0.0625,0.07585600000000006
0.05462499999999998,0.07585600000000006
0.05099999999999999,0.07585600000000006
0.06374999999999997,0.08275200000000008
0.04299999999999998,0.08275200000000008
0.06674999999999998,0.07585600000000006
0.06437499999999996,0.07585600000000006
0.047874999999999945,0.07585600000000006
0.05037499999999995,0.07585600000000006
0.05462499999999998,0.08275200000000008
0.05099999999999999,0.07585600000000006
0.05587499999999995,0.07585600000000006
0.04974999999999996,0.08275200000000008
0.06374999999999997,0.08275200000000008
0.05462499999999998,0.07585600000000006
0.047874999999999945,0.08275200000000008
0.07049999999999995,0.07585600000000006
0.05337499999999995,0.08275200000000008
0.04299999999999998,0.07585600000000006
0.05399999999999999,0.07585600000000006
0.05337499999999995,0.08275200000000008
0.058874999999999955,0.07585600000000006
0.07287499999999997,0.07585600000000006
