0.06737499999999996,0.1172319999999999
0.077125,0.1258519999999999
0.08562499999999995,0.1172319999999999
0.08812499999999995,0.1258519999999999
0.08199999999999996,0.1172319999999999
0.077125,0.1172319999999999
0.07899999999999996,0.13447199999999992
0.08812499999999995,0.1172319999999999
0.09049999999999997,0.13447199999999992
0.07649999999999996,0.1258519999999999
0.08687499999999998,0.1086119999999999
0.08999999999999997,0.1258519999999999
0.07962499999999995,0.1086119999999999
0.08449999999999996,0.1086119999999999
0.09112499999999996,0.1172319999999999
0.07649999999999996,0.1258519999999999
0.07962499999999995,0.1258519999999999
0.077125,0.1172319999999999
0.074125,0.1086119999999999
0.074125,0.1258519999999999
0.05824999999999997,0.1086119999999999
0.08687499999999998,0.13447199999999992
0.06562499999999999,0.1258519999999999
0.09912499999999996,0.1258519999999999
0.07649999999999996,0.14309199999999994
0.06799999999999995,0.13447199999999992
0.08875,0.1258519999999999
0.074125,0.1172319999999999
0.06074999999999997,0.1172319999999999
0.07962499999999995,0.1172319999999999
0.06799999999999995,0.1258519999999999
0.07899999999999996,0.1258519999999999
0.08199999999999996,0.1258519999999999
0.08199999999999996,0.13447199999999992
0.07649999999999996,0.13447199999999992
0.08324999999999999,0.1258519999999999
0.06862499999999999,0.1172319999999999
0.07962499999999995,0.13447199999999992
0.09537499999999999,0.13447199999999992
0.08875,0.1258519999999999
0.09912499999999996,0.14998799999999993
0.06862499999999999,0.14309199999999994
0.041749999999999954,0.1258519999999999
0.07962499999999995,0.1086119999999999
0.07962499999999995,0.14309199999999994
0.07837499999999997,0.1258519999999999
0.06799999999999995,0.1172319999999999
0.09237499999999998,0.1172319999999999
0.08687499999999998,0.1258519999999999
0.07962499999999995,0.1258519999999999
0.09175,0.13447199999999992
0.08074999999999999,0.13447199999999992
0.07649999999999996,0.1086119999999999
0.071625,0.1258519999999999
0.07474999999999998,0.1258519999999999
0.08875,0.1258519999999999
0.07962499999999995,0.1258519999999999
0.07049999999999995,0.1086119999999999
0.08074999999999999,0.13447199999999992
0.05637499999999995,0.14309199999999994
0.07224999999999998,0.1172319999999999
0.08074999999999999,0.13447199999999992
0.07649999999999996,0.1172319999999999
0.09362499999999996,0.13447199999999992
0.07649999999999996,0.1172319999999999
0.05337499999999995,0.1172319999999999
0.09599999999999997,0.1172319999999999
0.07349999999999995,0.13447199999999992
0.08137499999999998,0.13447199999999992
0.04974999999999996,0.13447199999999992
0.05099999999999999,0.1258519999999999
0.07287499999999997,0.13447199999999992
0.07099999999999995,0.13447199999999992
0.06187499999999996,0.1258519999999999
0.07774999999999999,0.13447199999999992
0.09237499999999998,0.1258519999999999
0.09425,0.1172319999999999
0.09974999999999995,0.1258519999999999
0.08074999999999999,0.1258519999999999
0.06124999999999997,0.1258519999999999
0.09049999999999997,0.13447199999999992
0.08449999999999996,0.1172319999999999
0.07837499999999997,0.1258519999999999
0.08199999999999996,0.1258519999999999
0.056999999999999995,0.1086119999999999
0.08387499999999998,0.1258519999999999
0.08749999999999997,0.13447199999999992
0.10212499999999997,0.13447199999999992
0.10087499999999999,0.1172319999999999
0.09849999999999998,0.1258519999999999
0.11062499999999997,0.14309199999999994
0.09237499999999998,0.1086119999999999
0.07049999999999995,0.1172319999999999
0.08625,0.1086119999999999
0.07774999999999999,0.1258519999999999
0.07587499999999997,0.1258519999999999
0.08999999999999997,0.13447199999999992
0.07587499999999997,0.1258519999999999
0.07649999999999996,0.1172319999999999
0.08449999999999996,0.13447199999999992
0.108875,0.14309199999999994
0.08512499999999995,0.1172319999999999
0.07349999999999995,0.1258519999999999
0.07287499999999997,0.1172319999999999
0.06612499999999999,0.1258519999999999
0.08812499999999995,0.14309199999999994
0.08562499999999995,0.1258519999999999
0.07349999999999995,0.1258519999999999
0.08687499999999998,0.1258519999999999
0.09425,0.1258519999999999
0.058874999999999955,0.1258519999999999
0.09487499999999999,0.1258519999999999
0.08199999999999996,0.13447199999999992
0.04849999999999999,0.1086119999999999
0.06187499999999996,0.1258519999999999
0.08137499999999998,0.14309199999999994
0.09237499999999998,0.1086119999999999
0.06987499999999996,0.1258519999999999
0.06437499999999996,0.14309199999999994
0.07774999999999999,0.1086119999999999
0.11062499999999997,0.1086119999999999
0.055249999999999966,0.13447199999999992
0.118,0.1172319999999999
0.07837499999999997,0.1086119999999999
0.07837499999999997,0.1172319999999999
0.08262499999999995,0.1172319999999999
0.08512499999999995,0.13447199999999992
0.05337499999999995,0.1258519999999999
0.08324999999999999,0.1258519999999999
0.09724999999999995,0.13447199999999992
0.05762499999999998,0.13447199999999992
0.09787499999999999,0.1172319999999999
0.07587499999999997,0.1258519999999999
0.07774999999999999,0.13447199999999992
0.07837499999999997,0.1258519999999999
0.07774999999999999,0.1172319999999999
0.09662499999999996,0.1258519999999999
0.09112499999999996,0.1086119999999999
0.08074999999999999,0.13447199999999992
0.07287499999999997,0.1172319999999999
0.08449999999999996,0.1172319999999999
0.07774999999999999,0.13447199999999992
0.07774999999999999,0.1258519999999999
0.06737499999999996,0.1258519999999999
0.071625,0.1172319999999999
0.07899999999999996,0.1258519999999999
0.08749999999999997,0.1258519999999999
0.05587499999999995,0.1258519999999999
0.07287499999999997,0.1258519999999999
0.09049999999999997,0.13447199999999992
0.08387499999999998,0.1258519999999999
0.08562499999999995,0.13447199999999992
0.07287499999999997,0.1172319999999999
0.07962499999999995,0.13447199999999992
0.08324999999999999,0.1172319999999999
0.07962499999999995,0.1258519999999999
0.08262499999999995,0.1258519999999999
0.08074999999999999,0.13447199999999992
0.09487499999999999,0.1258519999999999
0.07287499999999997,0.13447199999999992
0.0625,0.1172319999999999
0.074125,0.1258519999999999
0.06562499999999999,0.1258519999999999
0.08137499999999998,0.13447199999999992
0.07899999999999996,0.13447199999999992
0.08687499999999998,0.1172319999999999
0.07649999999999996,0.1258519999999999
0.0625,0.1172319999999999
0.07774999999999999,0.1172319999999999
0.0595,0.1258519999999999
0.06562499999999999,0.1172319999999999
0.08324999999999999,0.13447199999999992
0.07349999999999995,0.13447199999999992
0.05762499999999998,0.13447199999999992
0.08024999999999999,0.1086119999999999
0.07537499999999997,0.13447199999999992
0.07774999999999999,0.13447199999999992
0.09912499999999996,0.13447199999999992
0.08074999999999999,0.1258519999999999
0.06612499999999999,0.1086119999999999
0.07649999999999996,0.1086119999999999
0.04662499999999997,0.1172319999999999
0.05462499999999998,0.13447199999999992
0.08449999999999996,0.14309199999999994
0.07099999999999995,0.1086119999999999
0.08324999999999999,0.13447199999999992
0.09599999999999997,0.1172319999999999
0.09425,0.13447199999999992
0.05399999999999999,0.1172319999999999
0.08449999999999996,0.1172319999999999
0.08074999999999999,0.13447199999999992
0.06124999999999997,0.1258519999999999
0.08074999999999999,0.13447199999999992
0.08199999999999996,0.1258519999999999
0.06799999999999995,0.1258519999999999
0.06562499999999999,0.14309199999999994
0.07287499999999997,0.1258519999999999
0.07287499999999997,0.1172319999999999
0.055249999999999966,0.14309199999999994
0.04974999999999996,0.13447199999999992
0.06124999999999997,0.1258519999999999
0.08449999999999996,0.1258519999999999
0.08324999999999999,0.1258519999999999
0.0625,0.1258519999999999
0.09425,0.13447199999999992
0.06799999999999995,0.13447199999999992
0.077125,0.1258519999999999
0.07587499999999997,0.1086119999999999
0.07287499999999997,0.1086119999999999
0.07649999999999996,0.13447199999999992
0.06124999999999997,0.13447199999999992
0.10462499999999997,0.1258519999999999
0.06799999999999995,0.1258519999999999
0.06924999999999998,0.1258519999999999
0.07649999999999996,0.1258519999999999
0.07049999999999995,0.14309199999999994
0.077125,0.1258519999999999
0.07224999999999998,0.1086119999999999
0.09175,0.1086119999999999
0.08562499999999995,0.1258519999999999
0.07587499999999997,0.13447199999999992
0.07537499999999997,0.1172319999999999
0.08875,0.1258519999999999
0.07837499999999997,0.13447199999999992
0.06862499999999999,0.13447199999999992
0.08074999999999999,0.1172319999999999
0.06562499999999999,0.14309199999999994
0.056999999999999995,0.14309199999999994
0.07649999999999996,0.1258519999999999
0.071625,0.1258519999999999
0.08024999999999999,0.1172319999999999
0.07962499999999995,0.1258519999999999
0.06124999999999997,0.13447199999999992
0.08562499999999995,0.1258519999999999
0.09237499999999998,0.13447199999999992
0.071625,0.1258519999999999
0.04724999999999996,0.1258519999999999
0.08687499999999998,0.14309199999999994
0.07349999999999995,0.1258519999999999
0.06737499999999996,0.1086119999999999
0.07287499999999997,0.1258519999999999
0.07962499999999995,0.1258519999999999
0.08324999999999999,0.13447199999999992
0.09362499999999996,0.1258519999999999
0.09487499999999999,0.1258519999999999
0.09662499999999996,0.14309199999999994
0.08937499999999998,0.1086119999999999
0.06987499999999996,0.1258519999999999
0.07537499999999997,0.1258519999999999
0.07649999999999996,0.13447199999999992
0.08199999999999996,0.13447199999999992
0.07049999999999995,0.1258519999999999
0.10149999999999998,0.1172319999999999
0.09175,0.1258519999999999
0.06374999999999997,0.13447199999999992
0.08074999999999999,0.1258519999999999
0.09425,0.1172319999999999
0.06674999999999998,0.13447199999999992
0.05824999999999997,0.1258519999999999
0.08449999999999996,0.1086119999999999
0.05149999999999999,0.13447199999999992
0.06374999999999997,0.1258519999999999
0.05762499999999998,0.1258519999999999
0.06987499999999996,0.1258519999999999
0.071625,0.1258519999999999
0.06674999999999998,0.1172319999999999
0.06374999999999997,0.14309199999999994
0.09299999999999997,0.13447199999999992
0.09237499999999998,0.1172319999999999
0.08324999999999999,0.1172319999999999
0.06124999999999997,0.1258519999999999
0.07837499999999997,0.13447199999999992
0.07287499999999997,0.1258519999999999
0.09425,0.13447199999999992
0.08812499999999995,0.1086119999999999
0.10699999999999998,0.1258519999999999
0.06924999999999998,0.14309199999999994
0.06737499999999996,0.13447199999999992
0.08074999999999999,0.1172319999999999
0.07837499999999997,0.1172319999999999
0.07287499999999997,0.1258519999999999
0.08074999999999999,0.13447199999999992
0.07649999999999996,0.13447199999999992
0.08687499999999998,0.1086119999999999
0.07537499999999997,0.1086119999999999
0.08562499999999995,0.13447199999999992
0.08387499999999998,0.13447199999999992
0.06737499999999996,0.13447199999999992
0.09974999999999995,0.1172319999999999
0.07649999999999996,0.13447199999999992
0.07649999999999996,0.1172319999999999
0.08875,0.13447199999999992
0.07649999999999996,0.14309199999999994
0.08449999999999996,0.1258519999999999
0.06799999999999995,0.13447199999999992
0.07649999999999996,0.1172319999999999
0.07837499999999997,0.14309199999999994
0.05762499999999998,0.13447199999999992
0.05399999999999999,0.1258519999999999
0.08449999999999996,0.13447199999999992
0.07099999999999995,0.13447199999999992
0.07649999999999996,0.1258519999999999
0.06312499999999999,0.14309199999999994
0.09175,0.13447199999999992
0.08449999999999996,0.1258519999999999
0.08562499999999995,0.13447199999999992
0.071625,0.1258519999999999
0.058874999999999955,0.13447199999999992
0.08074999999999999,0.13447199999999992
0.07649999999999996,0.13447199999999992
0.09724999999999995,0.13447199999999992
0.07587499999999997,0.1258519999999999
0.07349999999999995,0.1258519999999999
0.09599999999999997,0.1258519999999999
0.071625,0.09999200000000008
0.08875,0.1172319999999999
0.06799999999999995,0.13447199999999992
0.08074999999999999,0.13447199999999992
0.08199999999999996,0.13447199999999992
0.05399999999999999,0.13447199999999992
0.06074999999999997,0.1258519999999999
0.09599999999999997,0.13447199999999992
0.06374999999999997,0.1258519999999999
0.056999999999999995,0.1258519999999999
0.08074999999999999,0.13447199999999992
0.08199999999999996,0.13447199999999992
0.06374999999999997,0.1086119999999999
0.07349999999999995,0.1172319999999999
0.08875,0.13447199999999992
0.08387499999999998,0.13447199999999992
0.08137499999999998,0.1258519999999999
0.08387499999999998,0.13447199999999992
0.09112499999999996,0.13447199999999992
0.09362499999999996,0.1258519999999999
0.07349999999999995,0.1086119999999999
0.06674999999999998,0.1258519999999999
0.08687499999999998,0.13447199999999992
0.08625,0.1172319999999999
0.07649999999999996,0.1258519999999999
0.08999999999999997,0.13447199999999992
0.052749999999999964,0.1172319999999999
0.07537499999999997,0.1172319999999999
0.08812499999999995,0.13447199999999992
0.071625,0.1172319999999999
0.06312499999999999,0.13447199999999992
0.07224999999999998,0.1086119999999999
0.09487499999999999,0.13447199999999992
0.0625,0.1258519999999999
0.09049999999999997,0.1086119999999999
0.07774999999999999,0.13447199999999992
0.077125,0.1172319999999999
0.09724999999999995,0.1172319999999999
0.07774999999999999,0.13447199999999992
0.07837499999999997,0.1258519999999999
0.09487499999999999,0.1258519999999999
0.06987499999999996,0.13447199999999992
0.06924999999999998,0.1172319999999999
0.071625,0.13447199999999992
0.06437499999999996,0.1258519999999999
0.08324999999999999,0.1258519999999999
0.08875,0.1172319999999999
0.07837499999999997,0.13447199999999992
0.07099999999999995,0.13447199999999992
0.06862499999999999,0.13447199999999992
0.074125,0.13447199999999992
0.08449999999999996,0.1172319999999999
0.058874999999999955,0.13447199999999992
0.09487499999999999,0.1258519999999999
0.09724999999999995,0.1172319999999999
0.07287499999999997,0.1258519999999999
0.06612499999999999,0.1086119999999999
0.08024999999999999,0.13447199999999992
0.07474999999999998,0.1258519999999999
0.08937499999999998,0.13447199999999992
0.05399999999999999,0.13447199999999992
0.07837499999999997,0.13447199999999992
0.08562499999999995,0.13447199999999992
0.08262499999999995,0.13447199999999992
0.07349999999999995,0.13447199999999992
0.07537499999999997,0.13447199999999992
0.09849999999999998,0.1172319999999999
0.06987499999999996,0.1258519999999999
0.09362499999999996,0.13447199999999992
0.06499999999999995,0.13447199999999992
0.03937499999999999,0.1172319999999999
0.08812499999999995,0.1258519999999999
0.06674999999999998,0.13447199999999992
0.05212499999999998,0.1086119999999999
0.09175,0.13447199999999992
0.09112499999999996,0.13447199999999992
0.09487499999999999,0.1172319999999999
0.07837499999999997,0.1258519999999999
0.11612499999999998,0.1086119999999999
0.08625,0.13447199999999992
0.08024999999999999,0.1258519999999999
0.08937499999999998,0.1258519999999999
0.08024999999999999,0.1258519999999999
0.07649999999999996,0.1258519999999999
0.07774999999999999,0.09999200000000008
0.08199999999999996,0.1086119999999999
0.09362499999999996,0.1258519999999999
0.07537499999999997,0.1258519999999999
0.07537499999999997,0.13447199999999992
0.074125,0.1258519999999999
0.06987499999999996,0.1258519999999999
0.09487499999999999,0.1172319999999999
0.08199999999999996,0.1258519999999999
0.06562499999999999,0.1172319999999999
0.08262499999999995,0.1172319999999999
0.08875,0.1172319999999999
0.06674999999999998,0.1172319999999999
0.07837499999999997,0.1172319999999999
0.07287499999999997,0.13447199999999992
0.06799999999999995,0.13447199999999992
0.077125,0.1172319999999999
0.07099999999999995,0.14309199999999994
0.06674999999999998,0.1258519999999999
0.07962499999999995,0.1258519999999999
0.07837499999999997,0.13447199999999992
0.08324999999999999,0.13447199999999992
0.10574999999999996,0.1172319999999999
0.06674999999999998,0.1086119999999999
0.08262499999999995,0.13447199999999992
0.05762499999999998,0.13447199999999992
0.06187499999999996,0.1258519999999999
0.08324999999999999,0.13447199999999992
0.06799999999999995,0.13447199999999992
0.08324999999999999,0.13447199999999992
0.08812499999999995,0.13447199999999992
0.06674999999999998,0.13447199999999992
0.07649999999999996,0.1258519999999999
0.09175,0.1172319999999999
0.06987499999999996,0.13447199999999992
0.08324999999999999,0.1258519999999999
0.10512499999999997,0.1258519999999999
0.056999999999999995,0.14309199999999994
0.07962499999999995,0.1172319999999999
0.07099999999999995,0.13447199999999992
0.08687499999999998,0.1172319999999999
0.08999999999999997,0.13447199999999992
0.09362499999999996,0.09999200000000008
0.07049999999999995,0.1086119999999999
0.08199999999999996,0.13447199999999992
0.09849999999999998,0.1172319999999999
0.07099999999999995,0.1258519999999999
0.05462499999999998,0.1258519999999999
0.060124999999999984,0.13447199999999992
0.0625,0.13447199999999992
0.07962499999999995,0.1086119999999999
0.05399999999999999,0.13447199999999992
0.10212499999999997,0.1258519999999999
0.09049999999999997,0.1172319999999999
0.07962499999999995,0.1258519999999999
0.06124999999999997,0.1258519999999999
0.09362499999999996,0.1172319999999999
0.06924999999999998,0.1258519999999999
0.08687499999999998,0.1172319999999999
0.0625,0.13447199999999992
0.071625,0.1258519999999999
0.09175,0.14309199999999994
0.05212499999999998,0.1258519999999999
0.07899999999999996,0.1172319999999999
0.08937499999999998,0.1086119999999999
0.08875,0.1172319999999999
0.07649999999999996,0.13447199999999992
0.09787499999999999,0.1258519999999999
0.08387499999999998,0.13447199999999992
0.08199999999999996,0.13447199999999992
0.07774999999999999,0.13447199999999992
0.06612499999999999,0.1258519999999999
0.05824999999999997,0.1172319999999999
0.07962499999999995,0.14309199999999994
0.08074999999999999,0.13447199999999992
0.08625,0.1258519999999999
0.07837499999999997,0.13447199999999992
0.07587499999999997,0.13447199999999992
0.08562499999999995,0.1258519999999999
0.10087499999999999,0.13447199999999992
0.058874999999999955,0.1086119999999999
0.08562499999999995,0.13447199999999992
0.07537499999999997,0.13447199999999992
0.071625,0.1258519999999999
0.06924999999999998,0.1172319999999999
0.07099999999999995,0.1172319999999999
0.08137499999999998,0.13447199999999992
0.06674999999999998,0.1258519999999999
0.07537499999999997,0.14309199999999994
0.07774999999999999,0.13447199999999992
0.09362499999999996,0.1258519999999999
0.08449999999999996,0.1258519999999999
0.08749999999999997,0.13447199999999992
0.09537499999999999,0.13447199999999992
0.06799999999999995,0.1172319999999999
0.08562499999999995,0.1258519999999999
0.058874999999999955,0.13447199999999992
0.06312499999999999,0.1172319999999999
0.09237499999999998,0.14309199999999994
0.09049999999999997,0.13447199999999992
0.06674999999999998,0.1086119999999999
0.08074999999999999,0.13447199999999992
0.07049999999999995,0.14309199999999994
0.06499999999999995,0.1258519999999999
0.09362499999999996,0.13447199999999992
0.09537499999999999,0.14309199999999994
0.055249999999999966,0.1258519999999999
0.09049999999999997,0.14309199999999994
0.07774999999999999,0.13447199999999992
0.09724999999999995,0.1258519999999999
0.07049999999999995,0.13447199999999992
0.103375,0.1172319999999999
0.09175,0.13447199999999992
0.07962499999999995,0.1172319999999999
0.08449999999999996,0.1172319999999999
0.060124999999999984,0.1258519999999999
0.05462499999999998,0.1258519999999999
0.06562499999999999,0.1172319999999999
0.07099999999999995,0.14309199999999994
0.06437499999999996,0.1258519999999999
0.08562499999999995,0.1258519999999999
0.106375,0.13447199999999992
0.08199999999999996,0.1172319999999999
0.06799999999999995,0.13447199999999992
0.05212499999999998,0.13447199999999992
0.07899999999999996,0.1172319999999999
0.07099999999999995,0.13447199999999992
0.08937499999999998,0.1258519999999999
0.08937499999999998,0.1258519999999999
0.08449999999999996,0.1086119999999999
0.10462499999999997,0.13447199999999992
0.06612499999999999,0.1258519999999999
0.06924999999999998,0.1172319999999999
0.07899999999999996,0.13447199999999992
0.05399999999999999,0.14309199999999994
0.09912499999999996,0.1258519999999999
0.09724999999999995,0.1258519999999999
0.08024999999999999,0.13447199999999992
0.07962499999999995,0.13447199999999992
0.06312499999999999,0.1172319999999999
0.07537499999999997,0.1258519999999999
0.10024999999999995,0.1172319999999999
0.08562499999999995,0.1258519999999999
0.07774999999999999,0.1086119999999999
0.071625,0.1172319999999999
0.07649999999999996,0.13447199999999992
0.06862499999999999,0.1258519999999999
0.06312499999999999,0.1258519999999999
0.08074999999999999,0.13447199999999992
0.04974999999999996,0.1258519999999999
0.08262499999999995,0.1258519999999999
0.08937499999999998,0.13447199999999992
0.07049999999999995,0.1172319999999999
0.08937499999999998,0.1258519999999999
0.08387499999999998,0.13447199999999992
0.08449999999999996,0.14309199999999994
0.07099999999999995,0.1172319999999999
0.074125,0.1172319999999999
0.09425,0.1086119999999999
0.08449999999999996,0.1258519999999999
0.06862499999999999,0.13447199999999992
0.071625,0.13447199999999992
0.06562499999999999,0.1172319999999999
0.08812499999999995,0.1258519999999999
0.09724999999999995,0.1258519999999999
0.077125,0.13447199999999992
0.071625,0.14309199999999994
0.08512499999999995,0.1258519999999999
0.08449999999999996,0.1258519999999999
0.07099999999999995,0.1172319999999999
0.07049999999999995,0.1086119999999999
0.07474999999999998,0.13447199999999992
0.06799999999999995,0.1086119999999999
0.103375,0.1258519999999999
0.07287499999999997,0.1258519999999999
0.08449999999999996,0.1258519999999999
0.08562499999999995,0.1258519999999999
0.074125,0.13447199999999992
0.07224999999999998,0.1258519999999999
0.08074999999999999,0.1258519999999999
0.071625,0.13447199999999992
0.06924999999999998,0.1258519999999999
0.07899999999999996,0.13447199999999992
0.07287499999999997,0.14309199999999994
0.06499999999999995,0.1172319999999999
0.07899999999999996,0.1172319999999999
0.09724999999999995,0.1258519999999999
0.08512499999999995,0.1172319999999999
0.09724999999999995,0.1258519999999999
0.07049999999999995,0.1172319999999999
0.08875,0.13447199999999992
0.07962499999999995,0.1258519999999999
0.07837499999999997,0.1258519999999999
0.07774999999999999,0.13447199999999992
0.06674999999999998,0.13447199999999992
0.07349999999999995,0.1258519999999999
0.077125,0.13447199999999992
0.06437499999999996,0.1172319999999999
0.10274999999999995,0.14309199999999994
0.08137499999999998,0.1258519999999999
0.08262499999999995,0.1086119999999999
0.08387499999999998,0.1258519999999999
0.08625,0.1258519999999999
0.055249999999999966,0.1258519999999999
0.07962499999999995,0.1258519999999999
0.08512499999999995,0.13447199999999992
0.071625,0.1258519999999999
0.055249999999999966,0.1086119999999999
0.05462499999999998,0.1258519999999999
0.08324999999999999,0.14309199999999994
0.07649999999999996,0.1086119999999999
0.108875,0.1172319999999999
0.09175,0.1086119999999999
0.058874999999999955,0.13447199999999992
0.08875,0.13447199999999992
0.07587499999999997,0.1258519999999999
0.08024999999999999,0.1258519999999999
0.08512499999999995,0.13447199999999992
0.06124999999999997,0.1258519999999999
0.08449999999999996,0.1258519999999999
0.11124999999999996,0.13447199999999992
0.060124999999999984,0.1258519999999999
0.08449999999999996,0.1258519999999999
0.07837499999999997,0.1086119999999999
0.06924999999999998,0.1172319999999999
0.08024999999999999,0.13447199999999992
0.08449999999999996,0.1258519999999999
0.07962499999999995,0.13447199999999992
0.08137499999999998,0.1172319999999999
0.074125,0.1258519999999999
0.09362499999999996,0.1258519999999999
0.07587499999999997,0.1258519999999999
0.08199999999999996,0.1258519999999999
0.08512499999999995,0.13447199999999992
0.07837499999999997,0.1086119999999999
0.08137499999999998,0.1172319999999999
0.09662499999999996,0.1172319999999999
0.06124999999999997,0.13447199999999992
0.07837499999999997,0.1258519999999999
0.06124999999999997,0.1172319999999999
0.07287499999999997,0.1172319999999999
0.06187499999999996,0.1172319999999999
0.07287499999999997,0.14309199999999994
0.08937499999999998,0.1258519999999999
0.09912499999999996,0.1172319999999999
0.07962499999999995,0.1172319999999999
0.07899999999999996,0.1258519999999999
0.074125,0.1172319999999999
0.08937499999999998,0.13447199999999992
0.08625,0.13447199999999992
0.08137499999999998,0.1086119999999999
0.08512499999999995,0.13447199999999992
0.09049999999999997,0.1258519999999999
0.06374999999999997,0.1258519999999999
0.08024999999999999,0.1258519999999999
0.08024999999999999,0.13447199999999992
0.07899999999999996,0.1258519999999999
0.09849999999999998,0.14309199999999994
0.055249999999999966,0.13447199999999992
0.08512499999999995,0.1172319999999999
0.074125,0.1258519999999999
0.071625,0.13447199999999992
0.05212499999999998,0.1172319999999999
0.0625,0.13447199999999992
0.08024999999999999,0.1258519999999999
0.09175,0.13447199999999992
0.08024999999999999,0.1172319999999999
0.09049999999999997,0.1258519999999999
0.074125,0.1172319999999999
0.08324999999999999,0.1258519999999999
0.08199999999999996,0.1258519999999999
0.07474999999999998,0.1258519999999999
0.08937499999999998,0.1172319999999999
0.06799999999999995,0.13447199999999992
0.08074999999999999,0.1258519999999999
0.08625,0.13447199999999992
0.08687499999999998,0.13447199999999992
0.08199999999999996,0.1258519999999999
0.05399999999999999,0.14309199999999994
0.10212499999999997,0.1258519999999999
0.05462499999999998,0.13447199999999992
0.07049999999999995,0.1258519999999999
0.09237499999999998,0.14309199999999994
0.08387499999999998,0.13447199999999992
0.09237499999999998,0.13447199999999992
0.07049999999999995,0.13447199999999992
0.06562499999999999,0.1258519999999999
0.08024999999999999,0.13447199999999992
0.09049999999999997,0.1172319999999999
0.07537499999999997,0.1172319999999999
0.071625,0.1258519999999999
0.09974999999999995,0.13447199999999992
0.11862499999999998,0.1258519999999999
0.056999999999999995,0.1086119999999999
0.10399999999999998,0.1172319999999999
0.09487499999999999,0.13447199999999992
0.07049999999999995,0.13447199999999992
0.07899999999999996,0.1172319999999999
0.08749999999999997,0.1258519999999999
0.071625,0.1258519999999999
0.05149999999999999,0.1258519999999999
0.06924999999999998,0.1086119999999999
0.08999999999999997,0.1258519999999999
0.06799999999999995,0.13447199999999992
0.07287499999999997,0.1258519999999999
0.09724999999999995,0.13447199999999992
0.07774999999999999,0.1258519999999999
0.0625,0.1258519999999999
0.06674999999999998,0.13447199999999992
0.0625,0.1258519999999999
0.071625,0.1086119999999999
0.06187499999999996,0.1172319999999999
0.060124999999999984,0.1258519999999999
0.09599999999999997,0.14309199999999994
0.07774999999999999,0.1172319999999999
0.06562499999999999,0.1258519999999999
0.10212499999999997,0.13447199999999992
0.05399999999999999,0.1172319999999999
0.08137499999999998,0.1172319999999999
0.10399999999999998,0.13447199999999992
0.049124999999999974,0.1258519999999999
0.08387499999999998,0.1086119999999999
0.08262499999999995,0.1086119999999999
0.08512499999999995,0.1172319999999999
0.08024999999999999,0.1172319999999999
0.07774999999999999,0.1086119999999999
0.11249999999999999,0.13447199999999992
0.07962499999999995,0.13447199999999992
0.06499999999999995,0.1172319999999999
0.09487499999999999,0.1086119999999999
0.08074999999999999,0.14309199999999994
0.058874999999999955,0.1172319999999999
0.09537499999999999,0.1258519999999999
0.0625,0.13447199999999992
0.08999999999999997,0.14998799999999993
0.074125,0.13447199999999992
0.09175,0.1086119999999999
0.07349999999999995,0.14309199999999994
0.060124999999999984,0.13447199999999992
0.071625,0.1258519999999999
0.06987499999999996,0.1172319999999999
0.08074999999999999,0.1172319999999999
0.08074999999999999,0.1258519999999999
0.08074999999999999,0.1258519999999999
0.09112499999999996,0.13447199999999992
0.09662499999999996,0.13447199999999992
0.074125,0.1258519999999999
0.05637499999999995,0.1086119999999999
0.05587499999999995,0.13447199999999992
0.08512499999999995,0.1172319999999999
0.08937499999999998,0.13447199999999992
0.07099999999999995,0.13447199999999992
0.09299999999999997,0.13447199999999992
0.08199999999999996,0.1258519999999999
0.09425,0.1258519999999999
0.08449999999999996,0.13447199999999992
0.07899999999999996,0.1258519999999999
0.08449999999999996,0.14309199999999994
0.06437499999999996,0.13447199999999992
0.060124999999999984,0.1258519999999999
0.08625,0.1258519999999999
0.08687499999999998,0.1086119999999999
0.08562499999999995,0.13447199999999992
0.08875,0.13447199999999992
0.060124999999999984,0.13447199999999992
0.074125,0.1258519999999999
0.06674999999999998,0.1258519999999999
0.07099999999999995,0.1172319999999999
0.09237499999999998,0.13447199999999992
0.07224999999999998,0.13447199999999992
0.07837499999999997,0.1172319999999999
0.08324999999999999,0.1258519999999999
0.07049999999999995,0.1258519999999999
0.071625,0.13447199999999992
0.05762499999999998,0.14309199999999994
0.10512499999999997,0.13447199999999992
0.08687499999999998,0.1258519999999999
0.07774999999999999,0.1258519999999999
0.08749999999999997,0.13447199999999992
0.0595,0.1172319999999999
0.06499999999999995,0.13447199999999992
0.06924999999999998,0.1172319999999999
0.09849999999999998,0.14309199999999994
0.08324999999999999,0.13447199999999992
0.055249999999999966,0.1086119999999999
0.05587499999999995,0.1172319999999999
0.07049999999999995,0.1258519999999999
0.10149999999999998,0.13447199999999992
0.06562499999999999,0.13447199999999992
0.07837499999999997,0.1086119999999999
0.09362499999999996,0.1172319999999999
0.07049999999999995,0.13447199999999992
0.08262499999999995,0.1258519999999999
0.07649999999999996,0.1086119999999999
0.07099999999999995,0.1172319999999999
0.07962499999999995,0.14309199999999994
0.08937499999999998,0.1086119999999999
0.071625,0.13447199999999992
0.07287499999999997,0.13447199999999992
0.07649999999999996,0.1258519999999999
0.07474999999999998,0.13447199999999992
0.058874999999999955,0.1258519999999999
0.09974999999999995,0.1172319999999999
0.08749999999999997,0.1258519999999999
0.09537499999999999,0.14309199999999994
0.08199999999999996,0.1258519999999999
0.06562499999999999,0.1172319999999999
0.0595,0.13447199999999992
0.071625,0.1258519999999999
0.108875,0.1258519999999999
0.052749999999999964,0.1172319999999999
0.08625,0.1258519999999999
0.07837499999999997,0.14998799999999993
0.08324999999999999,0.1172319999999999
0.09425,0.1258519999999999
0.07774999999999999,0.13447199999999992
0.07099999999999995,0.13447199999999992
0.07049999999999995,0.14309199999999994
0.07537499999999997,0.1172319999999999
0.08749999999999997,0.13447199999999992
0.07537499999999997,0.1258519999999999
0.09662499999999996,0.13447199999999992
0.08074999999999999,0.1258519999999999
0.05824999999999997,0.1258519999999999
0.06987499999999996,0.1172319999999999
0.04362499999999997,0.13447199999999992
0.06799999999999995,0.14309199999999994
0.09537499999999999,0.13447199999999992
0.07537499999999997,0.1258519999999999
0.08199999999999996,0.13447199999999992
0.09237499999999998,0.1258519999999999
0.07224999999999998,0.1172319999999999
0.07287499999999997,0.1172319999999999
0.07224999999999998,0.1172319999999999
0.077125,0.13447199999999992
0.08875,0.1258519999999999
0.08387499999999998,0.1258519999999999
0.10512499999999997,0.14309199999999994
0.07649999999999996,0.14309199999999994
0.07287499999999997,0.1258519999999999
0.060124999999999984,0.1258519999999999
0.09362499999999996,0.1258519999999999
0.06737499999999996,0.1258519999999999
0.07587499999999997,0.13447199999999992
0.10087499999999999,0.1172319999999999
0.09362499999999996,0.1172319999999999
0.08324999999999999,0.1258519999999999
0.09487499999999999,0.13447199999999992
0.09237499999999998,0.1172319999999999
0.06437499999999996,0.1086119999999999
0.06499999999999995,0.13447199999999992
0.06924999999999998,0.13447199999999992
0.09175,0.1258519999999999
0.07649999999999996,0.1258519999999999
0.08262499999999995,0.1258519999999999
0.07837499999999997,0.1258519999999999
0.08324999999999999,0.1172319999999999
0.071625,0.1172319999999999
0.06987499999999996,0.14309199999999994
0.09599999999999997,0.13447199999999992
0.07837499999999997,0.13447199999999992
0.09599999999999997,0.1258519999999999
0.074125,0.1258519999999999
0.07962499999999995,0.1258519999999999
0.08687499999999998,0.1172319999999999
0.09112499999999996,0.1258519999999999
0.08999999999999997,0.13447199999999992
0.06799999999999995,0.1258519999999999
0.071625,0.1258519999999999
0.08324999999999999,0.14309199999999994
0.07962499999999995,0.1172319999999999
0.06862499999999999,0.14309199999999994
0.08449999999999996,0.1172319999999999
0.08074999999999999,0.1086119999999999
0.08687499999999998,0.13447199999999992
0.08687499999999998,0.13447199999999992
0.06612499999999999,0.1086119999999999
0.07537499999999997,0.1172319999999999
0.11862499999999998,0.1258519999999999
0.07899999999999996,0.13447199999999992
0.08999999999999997,0.1258519999999999
0.08687499999999998,0.13447199999999992
0.07474999999999998,0.1258519999999999
0.09724999999999995,0.1258519999999999
0.09112499999999996,0.13447199999999992
0.05824999999999997,0.1258519999999999
0.08875,0.14309199999999994
0.06924999999999998,0.1258519999999999
0.08324999999999999,0.1172319999999999
0.07224999999999998,0.1258519999999999
0.07774999999999999,0.1172319999999999
0.11062499999999997,0.1172319999999999
0.0625,0.13447199999999992
0.0595,0.1258519999999999
0.07962499999999995,0.13447199999999992
0.08512499999999995,0.1258519999999999
0.07899999999999996,0.1172319999999999
0.08512499999999995,0.1258519999999999
0.08324999999999999,0.1258519999999999
0.07349999999999995,0.1258519999999999
0.09724999999999995,0.1258519999999999
0.09849999999999998,0.1258519999999999
0.06437499999999996,0.1172319999999999
0.07349999999999995,0.1258519999999999
0.05099999999999999,0.13447199999999992
0.08262499999999995,0.13447199999999992
0.08449999999999996,0.14309199999999994
0.08999999999999997,0.1258519999999999
0.08512499999999995,0.1086119999999999
0.08199999999999996,0.1258519999999999
0.07587499999999997,0.14309199999999994
0.07099999999999995,0.1258519999999999
0.09599999999999997,0.1086119999999999
0.09487499999999999,0.13447199999999992
0.09912499999999996,0.13447199999999992
0.0625,0.13447199999999992
0.06562499999999999,0.1172319999999999
0.07837499999999997,0.1258519999999999
0.08749999999999997,0.14309199999999994
0.06799999999999995,0.1258519999999999
0.06124999999999997,0.13447199999999992
0.08024999999999999,0.13447199999999992
0.08324999999999999,0.13447199999999992
0.08449999999999996,0.1258519999999999
0.08625,0.13447199999999992
0.06862499999999999,0.1172319999999999
0.07649999999999996,0.1258519999999999
0.08199999999999996,0.1258519999999999
0.07962499999999995,0.1258519999999999
0.08324999999999999,0.13447199999999992
0.07649999999999996,0.1172319999999999
0.074125,0.13447199999999992
0.09175,0.1258519999999999
0.07837499999999997,0.1258519999999999
0.08024999999999999,0.13447199999999992
0.07537499999999997,0.13447199999999992
0.07537499999999997,0.1258519999999999
0.08074999999999999,0.1172319999999999
0.06737499999999996,0.13447199999999992
0.07899999999999996,0.13447199999999992
0.07962499999999995,0.1172319999999999
0.08812499999999995,0.1172319999999999
0.08999999999999997,0.1172319999999999
0.074125,0.1258519999999999
0.058874999999999955,0.1258519999999999
0.08812499999999995,0.1258519999999999
0.07774999999999999,0.13447199999999992
0.07287499999999997,0.1086119999999999
0.06924999999999998,0.1172319999999999
0.06924999999999998,0.1172319999999999
0.08137499999999998,0.1258519999999999
0.07962499999999995,0.1258519999999999
0.07474999999999998,0.1258519999999999
0.06674999999999998,0.13447199999999992
0.09175,0.13447199999999992
0.09724999999999995,0.1172319999999999
0.07899999999999996,0.14309199999999994
0.0625,0.1258519999999999
0.08687499999999998,0.1258519999999999
0.074125,0.1172319999999999
0.06612499999999999,0.1258519999999999
0.06562499999999999,0.1172319999999999
0.071625,0.1172319999999999
0.106375,0.13447199999999992
0.07224999999999998,0.13447199999999992
0.09487499999999999,0.1258519999999999
0.09112499999999996,0.1258519999999999
0.07649999999999996,0.1172319999999999
0.058874999999999955,0.1258519999999999
0.108875,0.14309199999999994
0.058874999999999955,0.13447199999999992
0.07649999999999996,0.13447199999999992
0.08937499999999998,0.1258519999999999
0.074125,0.13447199999999992
0.10212499999999997,0.1086119999999999
0.08687499999999998,0.1086119999999999
0.08199999999999996,0.13447199999999992
0.08937499999999998,0.13447199999999992
0.058874999999999955,0.13447199999999992
0.04974999999999996,0.14309199999999994
0.077125,0.13447199999999992
0.05037499999999995,0.1258519999999999
0.08449999999999996,0.1258519999999999
0.09849999999999998,0.14309199999999994
0.07649999999999996,0.13447199999999992
0.06987499999999996,0.13447199999999992
0.0595,0.1258519999999999
0.0625,0.1172319999999999
0.106375,0.1172319999999999
0.071625,0.13447199999999992
0.09912499999999996,0.13447199999999992
0.06124999999999997,0.13447199999999992
0.058874999999999955,0.13447199999999992
0.07049999999999995,0.1258519999999999
0.06987499999999996,0.1258519999999999
0.09912499999999996,0.1258519999999999
0.08199999999999996,0.1258519999999999
0.07962499999999995,0.13447199999999992
0.06437499999999996,0.13447199999999992
0.06924999999999998,0.14309199999999994
0.09237499999999998,0.13447199999999992
0.07962499999999995,0.1086119999999999
0.07587499999999997,0.14309199999999994
0.06799999999999995,0.13447199999999992
0.08449999999999996,0.1172319999999999
0.09662499999999996,0.1172319999999999
0.09299999999999997,0.1172319999999999
0.06799999999999995,0.1258519999999999
0.08199999999999996,0.13447199999999992
0.07962499999999995,0.1258519999999999
0.06312499999999999,0.1258519999999999
0.05337499999999995,0.13447199999999992
0.07962499999999995,0.13447199999999992
0.06987499999999996,0.13447199999999992
0.08875,0.13447199999999992
0.08937499999999998,0.14309199999999994
0.08812499999999995,0.1172319999999999
0.0625,0.14309199999999994
0.07899999999999996,0.1258519999999999
0.077125,0.1258519999999999
0.05637499999999995,0.13447199999999992
0.08449999999999996,0.13447199999999992
0.074125,0.1172319999999999
0.08137499999999998,0.1258519999999999
0.08687499999999998,0.13447199999999992
0.07899999999999996,0.13447199999999992
0.07649999999999996,0.13447199999999992
0.08749999999999997,0.1086119999999999
0.09049999999999997,0.1172319999999999
0.074125,0.1258519999999999
0.07099999999999995,0.1258519999999999
0.052749999999999964,0.1086119999999999
0.08687499999999998,0.13447199999999992
0.060124999999999984,0.13447199999999992
0.07774999999999999,0.1258519999999999
0.074125,0.14309199999999994
0.05587499999999995,0.1258519999999999
0.08687499999999998,0.1258519999999999
0.08262499999999995,0.1258519999999999
0.06074999999999997,0.1172319999999999
0.07962499999999995,0.1258519999999999
0.05637499999999995,0.13447199999999992
0.09362499999999996,0.1086119999999999
0.10212499999999997,0.1172319999999999
0.08812499999999995,0.13447199999999992
0.06124999999999997,0.1172319999999999
0.07349999999999995,0.13447199999999992
0.08074999999999999,0.1258519999999999
0.07349999999999995,0.1258519999999999
0.08324999999999999,0.13447199999999992
0.06074999999999997,0.1172319999999999
0.07287499999999997,0.1258519999999999
0.07224999999999998,0.14998799999999993
0.058874999999999955,0.13447199999999992
0.071625,0.1258519999999999
0.071625,0.1258519999999999
0.07837499999999997,0.1258519999999999
0.07474999999999998,0.13447199999999992
0.08074999999999999,0.1258519999999999
0.07837499999999997,0.1258519999999999
0.08449999999999996,0.1258519999999999
0.077125,0.13447199999999992
0.06374999999999997,0.1172319999999999
0.09974999999999995,0.1258519999999999
0.09537499999999999,0.1258519999999999
0.06737499999999996,0.1172319999999999
0.07962499999999995,0.13447199999999992
0.08449999999999996,0.1172319999999999
0.074125,0.1172319999999999
0.06674999999999998,0.1258519999999999
0.09112499999999996,0.1258519999999999
0.10087499999999999,0.14309199999999994
0.07537499999999997,0.13447199999999992
0.08324999999999999,0.1172319999999999
0.06924999999999998,0.13447199999999992
0.07049999999999995,0.1258519999999999
0.06674999999999998,0.13447199999999992
0.06562499999999999,0.14309199999999994
0.09724999999999995,0.1172319999999999
0.09112499999999996,0.1086119999999999
0.07099999999999995,0.13447199999999992
0.08562499999999995,0.14309199999999994
0.08387499999999998,0.1172319999999999
0.07837499999999997,0.14309199999999994
0.044875,0.1258519999999999
0.077125,0.1258519999999999
0.08199999999999996,0.13447199999999992
0.07962499999999995,0.14309199999999994
0.05762499999999998,0.13447199999999992
0.08512499999999995,0.13447199999999992
0.08024999999999999,0.13447199999999992
0.07962499999999995,0.1258519999999999
0.074125,0.1172319999999999
0.07837499999999997,0.1258519999999999
0.05762499999999998,0.09999200000000008
0.04612499999999997,0.13447199999999992
0.06924999999999998,0.13447199999999992
0.08875,0.1086119999999999
0.074125,0.1172319999999999
0.08937499999999998,0.1258519999999999
0.071625,0.13447199999999992
0.058874999999999955,0.13447199999999992
0.074125,0.1258519999999999
0.09362499999999996,0.13447199999999992
0.08562499999999995,0.13447199999999992
0.08137499999999998,0.13447199999999992
0.08687499999999998,0.1258519999999999
0.05824999999999997,0.1172319999999999
0.06987499999999996,0.1258519999999999
0.06074999999999997,0.13447199999999992
0.05824999999999997,0.13447199999999992
0.08137499999999998,0.1258519999999999
0.08449999999999996,0.1258519999999999
0.07049999999999995,0.1172319999999999
0.07649999999999996,0.1258519999999999
0.09299999999999997,0.13447199999999992
0.09849999999999998,0.1258519999999999
0.07962499999999995,0.13447199999999992
0.05824999999999997,0.13447199999999992
0.071625,0.1172319999999999
0.07474999999999998,0.1258519999999999
0.07837499999999997,0.13447199999999992
0.08074999999999999,0.13447199999999992
0.08449999999999996,0.1258519999999999
0.0595,0.13447199999999992
0.08812499999999995,0.14309199999999994
0.07899999999999996,0.1258519999999999
0.11249999999999999,0.1172319999999999
0.08749999999999997,0.13447199999999992
0.08024999999999999,0.1258519999999999
0.08687499999999998,0.1258519999999999
0.07287499999999997,0.1258519999999999
0.08137499999999998,0.13447199999999992
0.06074999999999997,0.13447199999999992
0.06612499999999999,0.1172319999999999
0.08199999999999996,0.1258519999999999
0.07587499999999997,0.13447199999999992
0.07962499999999995,0.1258519999999999
0.08199999999999996,0.1172319999999999
0.08074999999999999,0.1258519999999999
0.06924999999999998,0.1258519999999999
0.05399999999999999,0.1258519999999999
0.08262499999999995,0.1172319999999999
0.05637499999999995,0.1258519999999999
0.071625,0.14309199999999994
0.074125,0.1258519999999999
0.08999999999999997,0.1258519999999999
0.07774999999999999,0.13447199999999992
0.07099999999999995,0.1258519999999999
0.106375,0.1258519999999999
0.10087499999999999,0.1258519999999999
0.11862499999999998,0.1258519999999999
0.074125,0.1258519999999999
0.08562499999999995,0.1086119999999999
0.08687499999999998,0.13447199999999992
0.08512499999999995,0.1258519999999999
0.09487499999999999,0.14309199999999994
0.07287499999999997,0.13447199999999992
0.074125,0.1086119999999999
0.08687499999999998,0.14309199999999994
0.05587499999999995,0.1172319999999999
0.08324999999999999,0.1086119999999999
0.08137499999999998,0.13447199999999992
0.08324999999999999,0.1086119999999999
0.07837499999999997,0.1258519999999999
0.08812499999999995,0.14309199999999994
0.07774999999999999,0.1172319999999999
0.07774999999999999,0.1172319999999999
0.071625,0.1172319999999999
0.09724999999999995,0.1258519999999999
0.08387499999999998,0.13447199999999992
0.04974999999999996,0.14309199999999994
0.06437499999999996,0.13447199999999992
0.07774999999999999,0.13447199999999992
0.07099999999999995,0.13447199999999992
0.05762499999999998,0.1172319999999999
0.06924999999999998,0.1172319999999999
0.08937499999999998,0.1258519999999999
0.07049999999999995,0.13447199999999992
0.08137499999999998,0.13447199999999992
0.08262499999999995,0.13447199999999992
0.07537499999999997,0.13447199999999992
0.09237499999999998,0.1086119999999999
0.10999999999999999,0.1258519999999999
0.074125,0.13447199999999992
0.0625,0.1258519999999999
0.06987499999999996,0.1258519999999999
0.07224999999999998,0.1086119999999999
0.08324999999999999,0.14309199999999994
0.07587499999999997,0.13447199999999992
0.09112499999999996,0.1086119999999999
0.08074999999999999,0.1258519999999999
0.06987499999999996,0.13447199999999992
0.08262499999999995,0.13447199999999992
0.06862499999999999,0.13447199999999992
0.07837499999999997,0.1258519999999999
0.06562499999999999,0.1258519999999999
0.07537499999999997,0.1258519999999999
0.074125,0.13447199999999992
0.07837499999999997,0.1258519999999999
0.06924999999999998,0.1172319999999999
0.07349999999999995,0.13447199999999992
0.05212499999999998,0.13447199999999992
0.06124999999999997,0.13447199999999992
0.06862499999999999,0.13447199999999992
0.07962499999999995,0.1258519999999999
0.08199999999999996,0.1258519999999999
0.06612499999999999,0.1258519999999999
0.09974999999999995,0.13447199999999992
0.04062499999999997,0.13447199999999992
0.060124999999999984,0.1172319999999999
0.06799999999999995,0.13447199999999992
0.09362499999999996,0.13447199999999992
0.06737499999999996,0.13447199999999992
0.08024999999999999,0.1172319999999999
0.08687499999999998,0.13447199999999992
0.06562499999999999,0.13447199999999992
0.05337499999999995,0.1258519999999999
0.07962499999999995,0.13447199999999992
0.07287499999999997,0.1172319999999999
0.09299999999999997,0.1258519999999999
0.07474999999999998,0.1258519999999999
0.10699999999999998,0.13447199999999992
0.07962499999999995,0.1258519999999999
0.08324999999999999,0.1258519999999999
0.08512499999999995,0.1086119999999999
0.09849999999999998,0.13447199999999992
0.08074999999999999,0.1172319999999999
0.071625,0.1172319999999999
0.07287499999999997,0.1258519999999999
0.06924999999999998,0.1172319999999999
0.07649999999999996,0.13447199999999992
0.09537499999999999,0.13447199999999992
0.06124999999999997,0.1172319999999999
0.07099999999999995,0.1258519999999999
0.07099999999999995,0.14309199999999994
0.05762499999999998,0.1258519999999999
0.08449999999999996,0.1172319999999999
0.07962499999999995,0.1258519999999999
0.08199999999999996,0.13447199999999992
0.06799999999999995,0.13447199999999992
0.07049999999999995,0.14309199999999994
0.05212499999999998,0.1172319999999999
0.06562499999999999,0.1172319999999999
0.08074999999999999,0.1258519999999999
0.06074999999999997,0.1172319999999999
0.074125,0.13447199999999992
0.05587499999999995,0.1258519999999999
0.06862499999999999,0.1086119999999999
0.106375,0.1172319999999999
0.08074999999999999,0.1258519999999999
0.077125,0.1258519999999999
