0.15337499999999998,0.19308799999999998
0.13749999999999996,0.19308799999999998
0.13074999999999998,0.19308799999999998
0.108875,0.18446799999999997
0.10087499999999999,0.18446799999999997
0.10212499999999997,0.201708
0.130125,0.201708
0.077125,0.217224
0.11437499999999995,0.217224
0.10212499999999997,0.22584400000000002
0.10699999999999998,0.18446799999999997
0.10512499999999997,0.201708
0.11862499999999998,0.210328
0.14849999999999997,0.217224
0.14412499999999995,0.201708
0.13687499999999997,0.210328
0.11549999999999999,0.19308799999999998
0.09599999999999997,0.201708
0.08512499999999995,0.201708
0.12287499999999996,0.19308799999999998
0.08749999999999997,0.217224
0.12287499999999996,0.19308799999999998
0.121,0.217224
0.11612499999999998,0.217224
0.13137499999999996,0.201708
0.15025,0.210328
0.10512499999999997,0.18446799999999997
0.13074999999999998,0.201708
0.17162499999999997,0.217224
0.118,0.18446799999999997
0.12462499999999999,0.16722799999999996
0.12162499999999998,0.201708
0.10399999999999998,0.19308799999999998
0.118,0.19308799999999998
0.10999999999999999,0.19308799999999998
0.118,0.22584400000000002
0.13137499999999996,0.201708
0.09849999999999998,0.19308799999999998
0.07287499999999997,0.201708
0.10762499999999997,0.210328
0.13924999999999998,0.201708
0.14537499999999998,0.201708
0.08262499999999995,0.15860799999999994
0.14049999999999996,0.201708
0.09362499999999996,0.234464
0.10762499999999997,0.19308799999999998
0.10699999999999998,0.18446799999999997
0.12037499999999995,0.217224
0.07287499999999997,0.17584799999999995
0.11924999999999997,0.217224
0.130125,0.201708
0.14412499999999995,0.201708
0.09237499999999998,0.201708
0.09974999999999995,0.201708
0.10212499999999997,0.201708
0.11924999999999997,0.201708
0.10762499999999997,0.19308799999999998
0.132625,0.201708
0.08074999999999999,0.22584400000000002
0.06737499999999996,0.201708
0.10212499999999997,0.18446799999999997
0.12037499999999995,0.19308799999999998
0.10824999999999996,0.201708
0.15337499999999998,0.217224
0.12287499999999996,0.18446799999999997
0.12837499999999996,0.18446799999999997
0.15824999999999995,0.217224
0.13074999999999998,0.22584400000000002
0.10762499999999997,0.201708
0.13199999999999995,0.201708
0.11437499999999995,0.201708
0.10212499999999997,0.18446799999999997
0.16362499999999996,0.201708
0.11374999999999996,0.217224
0.12412499999999999,0.210328
0.11924999999999997,0.19308799999999998
0.09849999999999998,0.19308799999999998
0.14537499999999998,0.22584400000000002
0.10762499999999997,0.201708
0.132625,0.201708
0.08512499999999995,0.201708
0.118,0.201708
0.13874999999999998,0.18446799999999997
0.12774999999999997,0.201708
0.14299999999999996,0.210328
0.09049999999999997,0.19308799999999998
0.13687499999999997,0.234464
0.10512499999999997,0.19308799999999998
0.10087499999999999,0.17584799999999995
0.12899999999999995,0.201708
0.11437499999999995,0.22584400000000002
0.12224999999999997,0.217224
0.11612499999999998,0.18446799999999997
0.14299999999999996,0.201708
0.08449999999999996,0.201708
0.12899999999999995,0.201708
0.14475,0.210328
0.08937499999999998,0.201708
0.106375,0.19308799999999998
0.11924999999999997,0.18446799999999997
0.11124999999999996,0.201708
0.127125,0.210328
0.10274999999999995,0.18446799999999997
0.14299999999999996,0.210328
0.12649999999999995,0.19308799999999998
0.14362499999999995,0.201708
0.10024999999999995,0.201708
0.09974999999999995,0.18446799999999997
0.12037499999999995,0.201708
0.06799999999999995,0.201708
0.108875,0.201708
0.08199999999999996,0.217224
0.10999999999999999,0.19308799999999998
0.12162499999999998,0.201708
0.09049999999999997,0.17584799999999995
0.12037499999999995,0.19308799999999998
0.074125,0.19308799999999998
0.14725,0.217224
0.13437499999999997,0.201708
0.11487499999999995,0.201708
0.16124999999999995,0.18446799999999997
0.14412499999999995,0.201708
0.12774999999999997,0.201708
0.14412499999999995,0.201708
0.10212499999999997,0.19308799999999998
0.10462499999999997,0.18446799999999997
0.10462499999999997,0.201708
0.13874999999999998,0.201708
0.106375,0.22584400000000002
0.118,0.19308799999999998
0.09049999999999997,0.201708
0.130125,0.201708
0.106375,0.19308799999999998
0.11924999999999997,0.22584400000000002
0.09849999999999998,0.201708
0.11737499999999995,0.18446799999999997
0.13437499999999997,0.18446799999999997
0.13387499999999997,0.19308799999999998
0.13199999999999995,0.217224
0.09912499999999996,0.17584799999999995
0.121,0.17584799999999995
0.14849999999999997,0.18446799999999997
0.09175,0.18446799999999997
0.09175,0.19308799999999998
0.13074999999999998,0.22584400000000002
0.14299999999999996,0.217224
0.11062499999999997,0.201708
0.10212499999999997,0.22584400000000002
0.138125,0.201708
0.11862499999999998,0.18446799999999997
0.11374999999999996,0.201708
0.15699999999999997,0.16722799999999996
0.13387499999999997,0.210328
0.10999999999999999,0.18446799999999997
0.10399999999999998,0.217224
0.11974999999999997,0.201708
0.11924999999999997,0.201708
0.130125,0.201708
0.11487499999999995,0.201708
0.159375,0.201708
0.08562499999999995,0.210328
0.08875,0.19308799999999998
0.09974999999999995,0.22584400000000002
0.11374999999999996,0.217224
0.15337499999999998,0.201708
0.07774999999999999,0.19308799999999998
0.103375,0.19308799999999998
0.07962499999999995,0.201708
0.10399999999999998,0.210328
0.12224999999999997,0.210328
0.12287499999999996,0.201708
0.138125,0.19308799999999998
0.10699999999999998,0.210328
0.09299999999999997,0.19308799999999998
0.14537499999999998,0.201708
0.10824999999999996,0.210328
0.09487499999999999,0.201708
0.12899999999999995,0.17584799999999995
0.12162499999999998,0.201708
0.11737499999999995,0.22584400000000002
0.10949999999999999,0.19308799999999998
0.11124999999999996,0.18446799999999997
0.10699999999999998,0.201708
0.11862499999999998,0.18446799999999997
0.13499999999999995,0.201708
0.11312499999999998,0.234464
0.08749999999999997,0.201708
0.135625,0.22584400000000002
0.13387499999999997,0.201708
0.13687499999999997,0.201708
0.08937499999999998,0.18446799999999997
0.11124999999999996,0.18446799999999997
0.08562499999999995,0.210328
0.12287499999999996,0.217224
0.135625,0.18446799999999997
0.132625,0.217224
0.121,0.201708
0.135625,0.19308799999999998
0.10212499999999997,0.201708
0.08812499999999995,0.201708
0.10762499999999997,0.201708
0.12649999999999995,0.210328
0.12524999999999997,0.217224
0.118,0.201708
0.12524999999999997,0.19308799999999998
0.127125,0.18446799999999997
0.11737499999999995,0.201708
0.09049999999999997,0.217224
0.10699999999999998,0.19308799999999998
0.14849999999999997,0.210328
0.121,0.201708
0.12524999999999997,0.18446799999999997
0.12162499999999998,0.16722799999999996
0.09974999999999995,0.201708
0.10512499999999997,0.201708
0.09974999999999995,0.210328
0.15087499999999998,0.201708
0.11862499999999998,0.201708
0.11924999999999997,0.201708
0.07287499999999997,0.17584799999999995
0.13924999999999998,0.16722799999999996
0.12837499999999996,0.210328
0.11924999999999997,0.201708
0.14412499999999995,0.201708
0.14849999999999997,0.234464
0.10949999999999999,0.201708
0.13624999999999998,0.19308799999999998
0.09849999999999998,0.19308799999999998
0.14537499999999998,0.17584799999999995
0.138125,0.201708
0.10574999999999996,0.210328
0.09175,0.19308799999999998
0.12899999999999995,0.22584400000000002
0.11612499999999998,0.210328
0.164875,0.18446799999999997
0.138125,0.201708
0.07962499999999995,0.201708
0.14175,0.19308799999999998
0.10699999999999998,0.201708
0.12524999999999997,0.18446799999999997
0.12524999999999997,0.19308799999999998
0.12287499999999996,0.217224
0.11249999999999999,0.18446799999999997
0.156375,0.217224
0.10462499999999997,0.201708
0.11312499999999998,0.201708
0.09724999999999995,0.18446799999999997
0.08625,0.201708
0.15212499999999995,0.201708
0.12412499999999999,0.210328
0.121,0.17584799999999995
0.12949999999999995,0.201708
0.12037499999999995,0.201708
0.11974999999999997,0.201708
0.11974999999999997,0.217224
0.14412499999999995,0.210328
0.138125,0.19308799999999998
0.12949999999999995,0.17584799999999995
0.13137499999999996,0.201708
0.07049999999999995,0.217224
0.08387499999999998,0.201708
0.08937499999999998,0.201708
0.09537499999999999,0.210328
0.08449999999999996,0.201708
0.12774999999999997,0.18446799999999997
0.127125,0.22584400000000002
0.10762499999999997,0.201708
0.10087499999999999,0.17584799999999995
0.12287499999999996,0.18446799999999997
0.13387499999999997,0.201708
0.09425,0.201708
0.09912499999999996,0.201708
0.08512499999999995,0.217224
0.08749999999999997,0.18446799999999997
0.10149999999999998,0.201708
0.08512499999999995,0.210328
0.08999999999999997,0.201708
0.08199999999999996,0.201708
0.09487499999999999,0.19308799999999998
0.11549999999999999,0.201708
0.09599999999999997,0.201708
0.11974999999999997,0.18446799999999997
0.12287499999999996,0.217224
0.13499999999999995,0.22584400000000002
0.13749999999999996,0.18446799999999997
0.13987499999999997,0.19308799999999998
0.12037499999999995,0.201708
0.13987499999999997,0.201708
0.11924999999999997,0.210328
0.12774999999999997,0.210328
0.13387499999999997,0.201708
0.12774999999999997,0.217224
0.09662499999999996,0.201708
0.10762499999999997,0.22584400000000002
0.09362499999999996,0.18446799999999997
0.09362499999999996,0.18446799999999997
0.09237499999999998,0.201708
0.14299999999999996,0.19308799999999998
0.15699999999999997,0.19308799999999998
0.16312499999999996,0.210328
0.13137499999999996,0.17584799999999995
0.08199999999999996,0.201708
0.08074999999999999,0.201708
0.11374999999999996,0.201708
0.08562499999999995,0.201708
0.13499999999999995,0.217224
0.15275,0.201708
0.10574999999999996,0.201708
0.12287499999999996,0.201708
0.11374999999999996,0.201708
0.08999999999999997,0.22584400000000002
0.07287499999999997,0.201708
0.16124999999999995,0.201708
0.08687499999999998,0.210328
0.118,0.201708
0.12524999999999997,0.201708
0.10512499999999997,0.201708
0.09724999999999995,0.201708
0.13437499999999997,0.19308799999999998
0.10699999999999998,0.201708
0.11437499999999995,0.19308799999999998
0.10574999999999996,0.18446799999999997
0.07349999999999995,0.201708
0.10999999999999999,0.201708
0.10824999999999996,0.18446799999999997
0.11737499999999995,0.210328
0.11487499999999995,0.201708
0.13137499999999996,0.234464
0.121,0.217224
0.10699999999999998,0.18446799999999997
0.10999999999999999,0.22584400000000002
0.07962499999999995,0.24308400000000002
0.09787499999999999,0.17584799999999995
0.13687499999999997,0.201708
0.060124999999999984,0.201708
0.12287499999999996,0.18446799999999997
0.09425,0.201708
0.11437499999999995,0.19308799999999998
0.11612499999999998,0.19308799999999998
0.16312499999999996,0.201708
0.13499999999999995,0.201708
0.08199999999999996,0.18446799999999997
0.14662499999999995,0.201708
0.13924999999999998,0.18446799999999997
0.17224999999999996,0.201708
0.09049999999999997,0.201708
0.11249999999999999,0.201708
0.12412499999999999,0.201708
0.12774999999999997,0.201708
0.13924999999999998,0.210328
0.11674999999999996,0.217224
0.08324999999999999,0.201708
0.11549999999999999,0.201708
0.13624999999999998,0.201708
0.09487499999999999,0.18446799999999997
0.138125,0.217224
0.108875,0.201708
0.10574999999999996,0.18446799999999997
0.11312499999999998,0.201708
0.12412499999999999,0.22584400000000002
0.108875,0.19308799999999998
0.159375,0.18446799999999997
0.10462499999999997,0.19308799999999998
0.103375,0.217224
0.135625,0.201708
0.138125,0.210328
0.127125,0.210328
0.13199999999999995,0.201708
0.09974999999999995,0.201708
0.11249999999999999,0.217224
0.12524999999999997,0.217224
0.07224999999999998,0.18446799999999997
0.11374999999999996,0.18446799999999997
0.12412499999999999,0.22584400000000002
0.09112499999999996,0.18446799999999997
0.13137499999999996,0.19308799999999998
0.11862499999999998,0.19308799999999998
0.08875,0.19308799999999998
0.11924999999999997,0.19308799999999998
0.11124999999999996,0.18446799999999997
0.118,0.18446799999999997
0.11124999999999996,0.201708
0.14299999999999996,0.201708
0.10274999999999995,0.201708
0.08449999999999996,0.201708
0.10462499999999997,0.201708
0.09487499999999999,0.18446799999999997
0.10024999999999995,0.201708
0.138125,0.19308799999999998
0.135625,0.201708
0.10699999999999998,0.210328
0.09299999999999997,0.201708
0.09599999999999997,0.19308799999999998
0.14049999999999996,0.201708
0.09662499999999996,0.210328
0.12037499999999995,0.18446799999999997
0.10762499999999997,0.201708
0.10087499999999999,0.201708
0.11437499999999995,0.18446799999999997
0.11062499999999997,0.17584799999999995
0.20812499999999995,0.210328
0.14299999999999996,0.17584799999999995
0.130125,0.19308799999999998
0.10699999999999998,0.201708
0.106375,0.22584400000000002
0.10574999999999996,0.210328
0.167375,0.22584400000000002
0.14049999999999996,0.19308799999999998
0.09849999999999998,0.217224
0.103375,0.201708
0.103375,0.201708
0.09599999999999997,0.19308799999999998
0.12037499999999995,0.201708
0.10574999999999996,0.18446799999999997
0.13324999999999998,0.17584799999999995
0.10999999999999999,0.19308799999999998
0.09849999999999998,0.201708
0.09425,0.201708
0.08324999999999999,0.201708
0.13074999999999998,0.217224
0.12162499999999998,0.201708
0.12899999999999995,0.18446799999999997
0.11249999999999999,0.234464
0.106375,0.217224
0.14175,0.16722799999999996
0.10699999999999998,0.201708
0.13199999999999995,0.17584799999999995
0.12587499999999996,0.201708
0.071625,0.22584400000000002
0.11187499999999995,0.19308799999999998
0.12524999999999997,0.18446799999999997
0.09912499999999996,0.201708
0.13074999999999998,0.201708
0.106375,0.210328
0.108875,0.201708
0.14725,0.201708
0.11249999999999999,0.19308799999999998
0.11124999999999996,0.18446799999999997
0.11549999999999999,0.201708
0.127125,0.217224
0.10762499999999997,0.201708
0.13624999999999998,0.16722799999999996
0.106375,0.201708
0.09175,0.210328
0.10512499999999997,0.16722799999999996
0.14299999999999996,0.22584400000000002
0.11124999999999996,0.201708
0.044875,0.19308799999999998
0.11862499999999998,0.210328
0.103375,0.18446799999999997
0.09049999999999997,0.19308799999999998
0.14175,0.210328
0.11737499999999995,0.201708
0.11437499999999995,0.18446799999999997
0.11187499999999995,0.217224
0.11549999999999999,0.210328
0.08199999999999996,0.201708
0.12162499999999998,0.17584799999999995
0.12462499999999999,0.217224
0.09049999999999997,0.210328
0.09362499999999996,0.210328
0.12462499999999999,0.18446799999999997
0.10399999999999998,0.234464
0.10462499999999997,0.201708
0.127125,0.201708
0.13137499999999996,0.201708
0.14899999999999997,0.234464
0.10824999999999996,0.15860799999999994
0.118,0.18446799999999997
0.14049999999999996,0.22584400000000002
0.13324999999999998,0.201708
0.11737499999999995,0.18446799999999997
0.10512499999999997,0.19308799999999998
0.10212499999999997,0.18446799999999997
0.130125,0.19308799999999998
0.10512499999999997,0.201708
0.11862499999999998,0.18446799999999997
0.13924999999999998,0.201708
0.07899999999999996,0.201708
0.12899999999999995,0.17584799999999995
0.11249999999999999,0.18446799999999997
0.13624999999999998,0.201708
0.14787499999999998,0.18446799999999997
0.13137499999999996,0.18446799999999997
0.10462499999999997,0.22584400000000002
0.09849999999999998,0.17584799999999995
0.11124999999999996,0.17584799999999995
0.16249999999999998,0.201708
0.09849999999999998,0.201708
0.106375,0.19308799999999998
