0.08562499999999995,0.25170400000000004
0.09974999999999995,0.25170400000000004
0.12899999999999995,0.25170400000000004
0.167375,0.25170400000000004
0.156375,0.26032400000000006
0.11612499999999998,0.25170400000000004
0.13687499999999997,0.26032400000000006
0.13324999999999998,0.268944
0.11437499999999995,0.268944
0.138125,0.26032400000000006
0.159375,0.24308400000000002
0.15275,0.25170400000000004
0.18137499999999995,0.28446000000000005
0.16062499999999996,0.26032400000000006
0.077125,0.22584400000000002
0.13387499999999997,0.25170400000000004
0.1795,0.25170400000000004
0.15025,0.25170400000000004
0.15699999999999997,0.25170400000000004
0.18987499999999996,0.25170400000000004
0.19837499999999997,0.234464
0.12162499999999998,0.24308400000000002
0.15149999999999997,0.26032400000000006
0.121,0.28446000000000005
0.14049999999999996,0.25170400000000004
0.135625,0.268944
0.13874999999999998,0.24308400000000002
0.11737499999999995,0.25170400000000004
0.11737499999999995,0.27756400000000003
0.118,0.25170400000000004
0.16549999999999998,0.268944
0.15275,0.268944
0.13437499999999997,0.26032400000000006
0.13137499999999996,0.27756400000000003
0.10399999999999998,0.25170400000000004
0.15387499999999998,0.24308400000000002
0.14599999999999996,0.22584400000000002
0.15275,0.25170400000000004
0.08262499999999995,0.22584400000000002
0.10274999999999995,0.24308400000000002
0.13437499999999997,0.268944
0.16974999999999996,0.268944
0.11437499999999995,0.234464
0.09175,0.234464
0.13687499999999997,0.268944
0.18137499999999995,0.25170400000000004
0.15824999999999995,0.268944
0.16799999999999998,0.234464
0.14299999999999996,0.22584400000000002
0.10999999999999999,0.268944
0.14049999999999996,0.268944
0.11374999999999996,0.25170400000000004
0.14962499999999995,0.27756400000000003
0.167375,0.24308400000000002
0.15025,0.27756400000000003
0.10574999999999996,0.234464
0.18624999999999997,0.29308000000000006
0.18074999999999997,0.27756400000000003
0.12774999999999997,0.22584400000000002
0.10824999999999996,0.234464
0.11974999999999997,0.268944
0.156375,0.268944
0.14725,0.268944
0.11924999999999997,0.25170400000000004
0.18012499999999998,0.268944
0.10999999999999999,0.29308000000000006
0.14475,0.25170400000000004
0.10512499999999997,0.26032400000000006
0.15149999999999997,0.268944
0.14962499999999995,0.268944
0.1235,0.268944
0.10762499999999997,0.25170400000000004
0.13499999999999995,0.25170400000000004
0.13624999999999998,0.26032400000000006
0.14412499999999995,0.24308400000000002
0.12774999999999997,0.24308400000000002
0.14849999999999997,0.27756400000000003
0.15575,0.27756400000000003
0.16612499999999997,0.234464
0.07774999999999999,0.22584400000000002
0.14175,0.26032400000000006
0.16424999999999995,0.29308000000000006
0.12287499999999996,0.24308400000000002
0.14412499999999995,0.26032400000000006
0.11924999999999997,0.24308400000000002
0.15275,0.26032400000000006
0.1875,0.25170400000000004
0.14849999999999997,0.26032400000000006
0.13199999999999995,0.210328
0.15087499999999998,0.29308000000000006
0.130125,0.26032400000000006
0.164875,0.234464
0.17099999999999999,0.25170400000000004
0.159375,0.24308400000000002
0.202125,0.25170400000000004
0.16799999999999998,0.26032400000000006
0.16849999999999998,0.234464
0.15824999999999995,0.25170400000000004
0.12162499999999998,0.29308000000000006
0.16124999999999995,0.27756400000000003
0.16549999999999998,0.22584400000000002
0.12162499999999998,0.24308400000000002
0.11737499999999995,0.27756400000000003
0.14849999999999997,0.24308400000000002
0.11124999999999996,0.24308400000000002
0.0625,0.22584400000000002
0.11612499999999998,0.26032400000000006
0.13499999999999995,0.27756400000000003
0.11737499999999995,0.234464
0.14049999999999996,0.268944
0.13137499999999996,0.26032400000000006
0.16612499999999997,0.25170400000000004
0.14049999999999996,0.268944
0.10512499999999997,0.268944
0.14049999999999996,0.268944
0.16612499999999997,0.268944
0.14412499999999995,0.25170400000000004
0.13074999999999998,0.24308400000000002
0.13137499999999996,0.22584400000000002
0.09912499999999996,0.26032400000000006
0.167375,0.26032400000000006
0.15699999999999997,0.24308400000000002
0.13499999999999995,0.25170400000000004
0.121,0.25170400000000004
0.12524999999999997,0.22584400000000002
0.15999999999999998,0.24308400000000002
0.13874999999999998,0.26032400000000006
0.14412499999999995,0.234464
0.12949999999999995,0.28446000000000005
0.06987499999999996,0.24308400000000002
0.14299999999999996,0.22584400000000002
0.09724999999999995,0.268944
0.14237499999999997,0.24308400000000002
0.164875,0.27756400000000003
0.10762499999999997,0.24308400000000002
0.167375,0.22584400000000002
0.08812499999999995,0.26032400000000006
0.10274999999999995,0.24308400000000002
0.09974999999999995,0.28446000000000005
0.08199999999999996,0.25170400000000004
0.14725,0.268944
0.14049999999999996,0.3017000000000001
0.19237499999999996,0.24308400000000002
0.13137499999999996,0.26032400000000006
0.15999999999999998,0.268944
0.10949999999999999,0.29308000000000006
0.15449999999999997,0.24308400000000002
0.21362499999999995,0.25170400000000004
0.18374999999999997,0.22584400000000002
0.14849999999999997,0.201708
0.15387499999999998,0.268944
0.16849999999999998,0.25170400000000004
0.12524999999999997,0.25170400000000004
0.15387499999999998,0.234464
0.17287499999999995,0.28446000000000005
0.09487499999999999,0.27756400000000003
0.14049999999999996,0.234464
0.12899999999999995,0.25170400000000004
0.10512499999999997,0.27756400000000003
0.14412499999999995,0.24308400000000002
0.13324999999999998,0.268944
0.13387499999999997,0.26032400000000006
0.13199999999999995,0.24308400000000002
0.14662499999999995,0.24308400000000002
0.15275,0.27756400000000003
0.20149999999999996,0.27756400000000003
0.18262499999999998,0.24308400000000002
0.13924999999999998,0.29308000000000006
0.15337499999999998,0.268944
0.17337499999999995,0.234464
0.15699999999999997,0.268944
0.17224999999999996,0.26032400000000006
0.182,0.268944
0.10999999999999999,0.234464
0.17337499999999995,0.26032400000000006
0.15149999999999997,0.268944
0.12899999999999995,0.26032400000000006
0.16062499999999996,0.268944
0.11674999999999996,0.268944
0.14299999999999996,0.24308400000000002
0.167375,0.29308000000000006
0.13874999999999998,0.26032400000000006
0.11924999999999997,0.27756400000000003
0.13987499999999997,0.25170400000000004
0.18262499999999998,0.24308400000000002
0.16612499999999997,0.268944
0.17287499999999995,0.234464
0.170375,0.268944
0.15699999999999997,0.24308400000000002
0.11737499999999995,0.22584400000000002
0.15149999999999997,0.26032400000000006
0.194125,0.234464
0.141125,0.22584400000000002
0.11374999999999996,0.268944
0.135625,0.22584400000000002
0.10212499999999997,0.25170400000000004
0.12587499999999996,0.24308400000000002
0.15699999999999997,0.268944
0.13924999999999998,0.22584400000000002
0.132625,0.25170400000000004
0.10274999999999995,0.27756400000000003
0.17587499999999995,0.234464
0.188625,0.24308400000000002
0.103375,0.201708
0.12037499999999995,0.268944
0.14299999999999996,0.27756400000000003
0.15337499999999998,0.234464
0.13137499999999996,0.268944
0.15337499999999998,0.22584400000000002
0.159375,0.28446000000000005
0.174,0.22584400000000002
0.138125,0.28446000000000005
0.17224999999999996,0.234464
0.13199999999999995,0.24308400000000002
0.10149999999999998,0.25170400000000004
0.14599999999999996,0.29308000000000006
0.09974999999999995,0.217224
0.12287499999999996,0.26032400000000006
0.156375,0.25170400000000004
0.15575,0.24308400000000002
0.18924999999999997,0.268944
0.127125,0.268944
0.11124999999999996,0.26032400000000006
0.13199999999999995,0.26032400000000006
0.10949999999999999,0.268944
0.20149999999999996,0.25170400000000004
0.18687499999999996,0.24308400000000002
0.13874999999999998,0.26032400000000006
0.14475,0.24308400000000002
0.14962499999999995,0.268944
0.10699999999999998,0.24308400000000002
0.08512499999999995,0.25170400000000004
0.16799999999999998,0.24308400000000002
0.13924999999999998,0.268944
0.13387499999999997,0.268944
0.14175,0.24308400000000002
0.14537499999999998,0.29308000000000006
0.13874999999999998,0.25170400000000004
0.12837499999999996,0.268944
0.14412499999999995,0.28446000000000005
0.13624999999999998,0.268944
0.15824999999999995,0.27756400000000003
0.15824999999999995,0.25170400000000004
0.11674999999999996,0.25170400000000004
0.14725,0.268944
0.138125,0.28446000000000005
0.14475,0.234464
0.18137499999999995,0.25170400000000004
0.15449999999999997,0.26032400000000006
0.13387499999999997,0.25170400000000004
0.14175,0.268944
0.127125,0.22584400000000002
0.156375,0.25170400000000004
0.16974999999999996,0.25170400000000004
0.167375,0.24308400000000002
0.12412499999999999,0.25170400000000004
0.12462499999999999,0.27756400000000003
0.15275,0.25170400000000004
0.21675,0.3017000000000001
0.118,0.25170400000000004
0.19174999999999998,0.25170400000000004
0.138125,0.268944
0.17099999999999999,0.25170400000000004
0.16362499999999996,0.268944
0.1765,0.234464
0.13987499999999997,0.24308400000000002
0.188625,0.268944
0.14412499999999995,0.234464
0.16312499999999996,0.27756400000000003
0.118,0.26032400000000006
0.13137499999999996,0.234464
0.17099999999999999,0.25170400000000004
0.12774999999999997,0.24308400000000002
0.07962499999999995,0.234464
0.14412499999999995,0.268944
0.132625,0.26032400000000006
0.1765,0.268944
0.14412499999999995,0.25170400000000004
0.14049999999999996,0.24308400000000002
0.15762499999999996,0.26032400000000006
0.16312499999999996,0.268944
0.167375,0.25170400000000004
0.17099999999999999,0.25170400000000004
0.13324999999999998,0.28446000000000005
0.135625,0.268944
0.170375,0.25170400000000004
0.11124999999999996,0.268944
0.10999999999999999,0.18446799999999997
0.10087499999999999,0.25170400000000004
0.11737499999999995,0.25170400000000004
0.12774999999999997,0.24308400000000002
0.12587499999999996,0.25170400000000004
0.18012499999999998,0.268944
0.127125,0.24308400000000002
0.12649999999999995,0.268944
0.15874999999999995,0.268944
0.13499999999999995,0.27756400000000003
0.14725,0.24308400000000002
0.14599999999999996,0.24308400000000002
0.13924999999999998,0.25170400000000004
0.17462499999999997,0.268944
0.09974999999999995,0.29308000000000006
0.15449999999999997,0.25170400000000004
0.14049999999999996,0.268944
0.14299999999999996,0.268944
0.11249999999999999,0.27756400000000003
0.17824999999999996,0.26032400000000006
0.15149999999999997,0.22584400000000002
0.16249999999999998,0.27756400000000003
0.13324999999999998,0.24308400000000002
0.10274999999999995,0.22584400000000002
0.11612499999999998,0.28446000000000005
0.14412499999999995,0.25170400000000004
0.12462499999999999,0.25170400000000004
0.13924999999999998,0.22584400000000002
0.19899999999999995,0.217224
0.14362499999999995,0.26032400000000006
0.12774999999999997,0.268944
0.09487499999999999,0.268944
0.13499999999999995,0.217224
0.16612499999999997,0.25170400000000004
0.10574999999999996,0.268944
0.14475,0.24308400000000002
0.13749999999999996,0.24308400000000002
0.14049999999999996,0.234464
0.17587499999999995,0.24308400000000002
0.16124999999999995,0.24308400000000002
0.16799999999999998,0.26032400000000006
0.15699999999999997,0.27756400000000003
0.14175,0.268944
0.12412499999999999,0.25170400000000004
0.13874999999999998,0.22584400000000002
0.15824999999999995,0.24308400000000002
0.18262499999999998,0.28446000000000005
0.159375,0.22584400000000002
0.161875,0.25170400000000004
0.11062499999999997,0.26032400000000006
0.12037499999999995,0.24308400000000002
0.161875,0.24308400000000002
0.15337499999999998,0.28446000000000005
0.14725,0.27756400000000003
0.17224999999999996,0.25170400000000004
0.15699999999999997,0.26032400000000006
0.16549999999999998,0.27756400000000003
0.17587499999999995,0.26032400000000006
0.11924999999999997,0.217224
0.12524999999999997,0.26032400000000006
0.19049999999999995,0.26032400000000006
0.11249999999999999,0.27756400000000003
0.12837499999999996,0.3017000000000001
0.108875,0.268944
0.13987499999999997,0.25170400000000004
0.11974999999999997,0.25170400000000004
0.15337499999999998,0.234464
0.12899999999999995,0.24308400000000002
0.20699999999999996,0.24308400000000002
0.11249999999999999,0.25170400000000004
0.15699999999999997,0.22584400000000002
0.118,0.24308400000000002
0.10512499999999997,0.24308400000000002
0.11312499999999998,0.25170400000000004
0.14962499999999995,0.25170400000000004
0.14049999999999996,0.25170400000000004
0.09237499999999998,0.29308000000000006
0.09175,0.27756400000000003
0.161875,0.26032400000000006
0.15087499999999998,0.25170400000000004
0.13749999999999996,0.25170400000000004
0.16124999999999995,0.268944
0.12162499999999998,0.25170400000000004
0.14475,0.22584400000000002
0.11374999999999996,0.29308000000000006
0.10824999999999996,0.28446000000000005
0.11549999999999999,0.25170400000000004
0.12649999999999995,0.26032400000000006
0.15512499999999996,0.24308400000000002
0.14175,0.28446000000000005
0.12837499999999996,0.24308400000000002
0.106375,0.268944
0.11062499999999997,0.24308400000000002
0.159375,0.24308400000000002
0.14175,0.25170400000000004
0.16062499999999996,0.29308000000000006
0.14049999999999996,0.27756400000000003
0.130125,0.268944
0.13749999999999996,0.25170400000000004
0.14299999999999996,0.24308400000000002
0.15337499999999998,0.22584400000000002
0.15387499999999998,0.27756400000000003
0.138125,0.26032400000000006
0.14537499999999998,0.26032400000000006
0.11437499999999995,0.268944
0.13687499999999997,0.268944
0.12037499999999995,0.26032400000000006
0.121,0.27756400000000003
0.11487499999999995,0.201708
0.14662499999999995,0.25170400000000004
0.103375,0.268944
0.14537499999999998,0.268944
0.11737499999999995,0.22584400000000002
0.10399999999999998,0.268944
0.118,0.217224
0.14537499999999998,0.27756400000000003
0.07474999999999998,0.27756400000000003
0.13137499999999996,0.24308400000000002
0.14787499999999998,0.268944
0.17774999999999996,0.28446000000000005
0.14962499999999995,0.24308400000000002
0.159375,0.25170400000000004
0.14475,0.268944
0.19774999999999998,0.27756400000000003
0.11312499999999998,0.28446000000000005
0.20637499999999998,0.22584400000000002
0.13749999999999996,0.24308400000000002
0.14662499999999995,0.268944
0.20999999999999996,0.268944
0.12524999999999997,0.28446000000000005
0.11487499999999995,0.24308400000000002
0.12649999999999995,0.268944
0.15512499999999996,0.268944
0.132625,0.25170400000000004
0.10149999999999998,0.25170400000000004
0.164875,0.25170400000000004
0.12524999999999997,0.25170400000000004
0.17337499999999995,0.24308400000000002
0.12462499999999999,0.217224
0.07537499999999997,0.26032400000000006
0.09724999999999995,0.26032400000000006
0.11249999999999999,0.22584400000000002
0.170375,0.268944
0.13437499999999997,0.234464
0.12524999999999997,0.24308400000000002
0.12162499999999998,0.25170400000000004
0.106375,0.28446000000000005
0.04124999999999995,0.268944
0.13437499999999997,0.268944
0.15212499999999995,0.3017000000000001
0.15999999999999998,0.217224
0.13924999999999998,0.268944
0.09425,0.26032400000000006
0.19287499999999996,0.25170400000000004
0.13437499999999997,0.26032400000000006
0.13499999999999995,0.28446000000000005
0.16062499999999996,0.27756400000000003
0.13499999999999995,0.25170400000000004
0.14962499999999995,0.24308400000000002
0.10824999999999996,0.28446000000000005
0.08262499999999995,0.27756400000000003
0.108875,0.25170400000000004
0.15212499999999995,0.27756400000000003
0.16062499999999996,0.3103200000000001
0.174,0.24308400000000002
0.11249999999999999,0.24308400000000002
0.12774999999999997,0.268944
0.138125,0.25170400000000004
0.16124999999999995,0.24308400000000002
0.13074999999999998,0.27756400000000003
0.15025,0.25170400000000004
0.14237499999999997,0.24308400000000002
0.106375,0.25170400000000004
0.19899999999999995,0.234464
0.14049999999999996,0.24308400000000002
0.13199999999999995,0.268944
0.13987499999999997,0.27756400000000003
0.11374999999999996,0.268944
0.13749999999999996,0.24308400000000002
0.17587499999999995,0.24308400000000002
0.13387499999999997,0.25170400000000004
0.11124999999999996,0.27756400000000003
0.14599999999999996,0.24308400000000002
0.11674999999999996,0.24308400000000002
0.15087499999999998,0.25170400000000004
0.13387499999999997,0.24308400000000002
0.14475,0.25170400000000004
0.09787499999999999,0.24308400000000002
0.16124999999999995,0.24308400000000002
0.16612499999999997,0.268944
0.12587499999999996,0.25170400000000004
0.09425,0.27756400000000003
0.12524999999999997,0.217224
0.12949999999999995,0.234464
0.11312499999999998,0.268944
0.09599999999999997,0.24308400000000002
0.14049999999999996,0.24308400000000002
0.12462499999999999,0.234464
0.17099999999999999,0.26032400000000006
0.14962499999999995,0.25170400000000004
0.16362499999999996,0.28446000000000005
0.14899999999999997,0.268944
0.15087499999999998,0.268944
0.13387499999999997,0.217224
0.14412499999999995,0.25170400000000004
0.159375,0.28446000000000005
0.14962499999999995,0.234464
0.16249999999999998,0.26032400000000006
0.10762499999999997,0.27756400000000003
0.15512499999999996,0.268944
0.10212499999999997,0.25170400000000004
0.19537499999999997,0.268944
0.15025,0.25170400000000004
0.16362499999999996,0.24308400000000002
0.15149999999999997,0.26032400000000006
0.12287499999999996,0.26032400000000006
0.12949999999999995,0.27756400000000003
0.1235,0.25170400000000004
0.12412499999999999,0.268944
0.14849999999999997,0.268944
0.16612499999999997,0.234464
0.10762499999999997,0.28446000000000005
0.108875,0.268944
0.103375,0.22584400000000002
0.170375,0.22584400000000002
0.20024999999999998,0.25170400000000004
0.10462499999999997,0.25170400000000004
0.11612499999999998,0.27756400000000003
0.08512499999999995,0.27756400000000003
0.15337499999999998,0.3017000000000001
0.16312499999999996,0.268944
0.10212499999999997,0.24308400000000002
0.15337499999999998,0.26032400000000006
0.12899999999999995,0.268944
0.174,0.24308400000000002
0.156375,0.25170400000000004
0.11312499999999998,0.25170400000000004
0.14599999999999996,0.268944
0.11737499999999995,0.22584400000000002
0.14049999999999996,0.234464
0.16799999999999998,0.25170400000000004
0.12037499999999995,0.24308400000000002
0.15337499999999998,0.25170400000000004
0.14475,0.26032400000000006
0.164875,0.234464
0.15575,0.24308400000000002
0.19174999999999998,0.26032400000000006
0.16849999999999998,0.27756400000000003
0.16612499999999997,0.234464
0.194125,0.25170400000000004
0.09787499999999999,0.26032400000000006
0.06674999999999998,0.268944
0.12949999999999995,0.27756400000000003
0.09112499999999996,0.268944
0.15337499999999998,0.22584400000000002
0.17887499999999995,0.25170400000000004
0.09049999999999997,0.268944
0.1235,0.24308400000000002
0.14899999999999997,0.26032400000000006
0.14049999999999996,0.26032400000000006
0.15387499999999998,0.25170400000000004
0.1235,0.234464
0.10149999999999998,0.27756400000000003
0.15699999999999997,0.24308400000000002
0.132625,0.268944
0.14662499999999995,0.25170400000000004
0.16974999999999996,0.24308400000000002
0.10462499999999997,0.29308000000000006
0.132625,0.28446000000000005
0.17099999999999999,0.217224
0.14412499999999995,0.24308400000000002
0.17887499999999995,0.234464
0.20637499999999998,0.24308400000000002
0.15212499999999995,0.25170400000000004
0.14175,0.25170400000000004
0.130125,0.26032400000000006
0.09849999999999998,0.24308400000000002
0.12037499999999995,0.25170400000000004
0.12649999999999995,0.26032400000000006
0.164875,0.268944
0.11249999999999999,0.22584400000000002
0.13749999999999996,0.26032400000000006
0.13324999999999998,0.27756400000000003
0.08937499999999998,0.268944
0.17587499999999995,0.268944
0.13074999999999998,0.24308400000000002
0.13499999999999995,0.27756400000000003
0.19049999999999995,0.234464
0.09662499999999996,0.268944
0.12287499999999996,0.268944
0.18074999999999997,0.24308400000000002
0.16799999999999998,0.29308000000000006
0.09599999999999997,0.27756400000000003
0.14662499999999995,0.217224
0.16849999999999998,0.25170400000000004
0.135625,0.25170400000000004
0.16312499999999996,0.26032400000000006
0.15337499999999998,0.25170400000000004
0.17099999999999999,0.24308400000000002
0.13137499999999996,0.25170400000000004
0.14475,0.268944
0.13074999999999998,0.268944
0.17824999999999996,0.25170400000000004
0.182,0.268944
0.12524999999999997,0.268944
0.15874999999999995,0.268944
0.15149999999999997,0.24308400000000002
0.15699999999999997,0.24308400000000002
0.11974999999999997,0.26032400000000006
0.11374999999999996,0.22584400000000002
0.17462499999999997,0.27756400000000003
0.135625,0.25170400000000004
0.11124999999999996,0.24308400000000002
0.138125,0.28446000000000005
0.08687499999999998,0.25170400000000004
0.13199999999999995,0.25170400000000004
0.08999999999999997,0.29308000000000006
0.18987499999999996,0.22584400000000002
0.13074999999999998,0.28446000000000005
0.12287499999999996,0.25170400000000004
0.13499999999999995,0.25170400000000004
0.18624999999999997,0.25170400000000004
0.16612499999999997,0.24308400000000002
0.15824999999999995,0.26032400000000006
0.12524999999999997,0.28446000000000005
0.16249999999999998,0.25170400000000004
0.11437499999999995,0.25170400000000004
0.15699999999999997,0.24308400000000002
0.17337499999999995,0.26032400000000006
0.15699999999999997,0.201708
0.15337499999999998,0.217224
0.11737499999999995,0.26032400000000006
0.11549999999999999,0.268944
0.14299999999999996,0.22584400000000002
0.13624999999999998,0.217224
0.13199999999999995,0.268944
0.12524999999999997,0.234464
0.170375,0.210328
0.11974999999999997,0.25170400000000004
0.1795,0.26032400000000006
0.11487499999999995,0.268944
0.16424999999999995,0.25170400000000004
0.13624999999999998,0.26032400000000006
0.11974999999999997,0.268944
0.14787499999999998,0.234464
0.14787499999999998,0.25170400000000004
0.11974999999999997,0.26032400000000006
0.11612499999999998,0.26032400000000006
0.15999999999999998,0.25170400000000004
0.14362499999999995,0.268944
0.15575,0.25170400000000004
0.09787499999999999,0.25170400000000004
0.164875,0.27756400000000003
0.1235,0.24308400000000002
0.10512499999999997,0.25170400000000004
0.14962499999999995,0.27756400000000003
0.11187499999999995,0.26032400000000006
0.12287499999999996,0.25170400000000004
0.16799999999999998,0.25170400000000004
0.135625,0.26032400000000006
0.15699999999999997,0.26032400000000006
0.12524999999999997,0.27756400000000003
0.14049999999999996,0.268944
0.10999999999999999,0.268944
0.16799999999999998,0.26032400000000006
0.074125,0.27756400000000003
0.14662499999999995,0.234464
0.15699999999999997,0.268944
0.11062499999999997,0.3103200000000001
0.11249999999999999,0.234464
0.10024999999999995,0.27756400000000003
0.164875,0.25170400000000004
0.1765,0.24308400000000002
0.14662499999999995,0.28446000000000005
0.11487499999999995,0.268944
0.196625,0.217224
0.12287499999999996,0.25170400000000004
0.17774999999999996,0.22584400000000002
0.11862499999999998,0.26032400000000006
0.11737499999999995,0.26032400000000006
0.18312499999999998,0.28446000000000005
0.15575,0.24308400000000002
0.174,0.268944
0.16062499999999996,0.234464
0.16362499999999996,0.26032400000000006
0.09487499999999999,0.24308400000000002
0.127125,0.22584400000000002
0.10512499999999997,0.29308000000000006
0.14299999999999996,0.25170400000000004
0.16912499999999997,0.24308400000000002
0.16249999999999998,0.234464
0.17774999999999996,0.27756400000000003
0.15337499999999998,0.268944
0.11062499999999997,0.25170400000000004
0.15699999999999997,0.26032400000000006
0.13074999999999998,0.22584400000000002
0.14849999999999997,0.22584400000000002
0.159375,0.26032400000000006
0.1235,0.25170400000000004
0.13874999999999998,0.234464
0.15149999999999997,0.268944
0.13499999999999995,0.24308400000000002
0.15087499999999998,0.28446000000000005
0.07537499999999997,0.24308400000000002
0.15699999999999997,0.234464
0.15512499999999996,0.24308400000000002
0.12037499999999995,0.25170400000000004
0.127125,0.24308400000000002
0.07474999999999998,0.217224
0.18624999999999997,0.25170400000000004
0.16362499999999996,0.24308400000000002
0.13624999999999998,0.24308400000000002
0.159375,0.28446000000000005
0.130125,0.28446000000000005
0.14849999999999997,0.234464
0.17337499999999995,0.26032400000000006
0.15212499999999995,0.26032400000000006
0.188,0.27756400000000003
0.14662499999999995,0.268944
0.14237499999999997,0.26032400000000006
0.132625,0.268944
0.14962499999999995,0.268944
0.14662499999999995,0.24308400000000002
0.10999999999999999,0.268944
0.15449999999999997,0.268944
0.14662499999999995,0.26032400000000006
0.11062499999999997,0.268944
0.12774999999999997,0.25170400000000004
0.11974999999999997,0.25170400000000004
0.15449999999999997,0.268944
0.14899999999999997,0.25170400000000004
0.12587499999999996,0.22584400000000002
0.16424999999999995,0.268944
0.11924999999999997,0.26032400000000006
0.12412499999999999,0.27756400000000003
0.15699999999999997,0.268944
0.15762499999999996,0.27756400000000003
0.16674999999999995,0.25170400000000004
0.138125,0.268944
0.11737499999999995,0.234464
0.15087499999999998,0.24308400000000002
0.167375,0.25170400000000004
0.11924999999999997,0.24308400000000002
0.20749999999999996,0.25170400000000004
0.118,0.268944
0.19174999999999998,0.25170400000000004
0.14475,0.25170400000000004
0.10574999999999996,0.25170400000000004
0.108875,0.24308400000000002
0.161875,0.29308000000000006
0.13437499999999997,0.27756400000000003
0.18012499999999998,0.234464
0.13387499999999997,0.26032400000000006
0.09599999999999997,0.22584400000000002
0.141125,0.24308400000000002
0.167375,0.234464
0.15087499999999998,0.25170400000000004
0.08199999999999996,0.201708
0.135625,0.217224
0.159375,0.28446000000000005
0.13324999999999998,0.25170400000000004
0.12774999999999997,0.234464
0.14662499999999995,0.24308400000000002
0.14599999999999996,0.268944
0.15512499999999996,0.24308400000000002
0.17224999999999996,0.26032400000000006
0.16612499999999997,0.234464
0.11487499999999995,0.26032400000000006
0.15087499999999998,0.268944
0.10274999999999995,0.24308400000000002
0.12462499999999999,0.22584400000000002
0.13624999999999998,0.28446000000000005
0.13624999999999998,0.26032400000000006
0.167375,0.22584400000000002
0.13499999999999995,0.234464
0.08937499999999998,0.268944
0.15087499999999998,0.268944
0.130125,0.268944
0.167375,0.27756400000000003
0.14662499999999995,0.22584400000000002
0.161875,0.268944
0.15824999999999995,0.268944
0.130125,0.25170400000000004
0.141125,0.268944
0.130125,0.24308400000000002
0.16849999999999998,0.25170400000000004
0.159375,0.22584400000000002
0.15337499999999998,0.24308400000000002
0.18012499999999998,0.268944
0.09724999999999995,0.234464
0.08262499999999995,0.26032400000000006
0.14849999999999997,0.25170400000000004
0.161875,0.26032400000000006
0.10149999999999998,0.268944
0.161875,0.268944
0.141125,0.24308400000000002
0.07837499999999997,0.25170400000000004
0.16362499999999996,0.268944
0.18312499999999998,0.27756400000000003
0.13987499999999997,0.26032400000000006
0.16612499999999997,0.27756400000000003
0.10574999999999996,0.26032400000000006
0.11249999999999999,0.24308400000000002
0.17162499999999997,0.22584400000000002
0.12899999999999995,0.268944
0.12287499999999996,0.24308400000000002
0.1875,0.25170400000000004
0.156375,0.25170400000000004
0.12462499999999999,0.268944
0.18262499999999998,0.268944
0.16612499999999997,0.268944
0.17887499999999995,0.25170400000000004
0.135625,0.27756400000000003
0.16062499999999996,0.24308400000000002
0.13437499999999997,0.268944
0.08875,0.234464
0.14175,0.268944
0.14962499999999995,0.234464
0.12587499999999996,0.268944
0.161875,0.25170400000000004
0.12899999999999995,0.25170400000000004
0.13749999999999996,0.24308400000000002
0.14299999999999996,0.234464
0.12037499999999995,0.27756400000000003
0.11974999999999997,0.268944
0.17099999999999999,0.268944
0.12649999999999995,0.24308400000000002
0.13924999999999998,0.268944
0.18624999999999997,0.25170400000000004
0.141125,0.26032400000000006
0.11312499999999998,0.27756400000000003
0.12224999999999997,0.268944
0.13199999999999995,0.26032400000000006
0.18374999999999997,0.27756400000000003
0.15824999999999995,0.28446000000000005
0.14475,0.268944
0.15387499999999998,0.201708
0.13437499999999997,0.24308400000000002
0.159375,0.268944
0.11374999999999996,0.234464
0.17224999999999996,0.28446000000000005
0.12462499999999999,0.26032400000000006
0.08999999999999997,0.26032400000000006
0.12587499999999996,0.268944
0.11549999999999999,0.24308400000000002
0.14849999999999997,0.26032400000000006
0.19474999999999998,0.25170400000000004
0.09299999999999997,0.29308000000000006
0.106375,0.26032400000000006
0.14662499999999995,0.268944
0.13074999999999998,0.22584400000000002
0.14049999999999996,0.25170400000000004
0.12587499999999996,0.29308000000000006
0.10212499999999997,0.268944
0.12224999999999997,0.27756400000000003
0.09787499999999999,0.25170400000000004
0.11674999999999996,0.29308000000000006
0.13749999999999996,0.27756400000000003
0.15699999999999997,0.268944
0.16424999999999995,0.22584400000000002
0.141125,0.22584400000000002
0.15149999999999997,0.268944
0.15387499999999998,0.25170400000000004
0.18562499999999998,0.25170400000000004
0.11124999999999996,0.27756400000000003
0.12949999999999995,0.24308400000000002
0.14299999999999996,0.26032400000000006
0.118,0.29308000000000006
0.15699999999999997,0.25170400000000004
0.14962499999999995,0.24308400000000002
0.14412499999999995,0.26032400000000006
0.17462499999999997,0.234464
0.15762499999999996,0.234464
0.16674999999999995,0.28446000000000005
0.17224999999999996,0.234464
0.14299999999999996,0.268944
0.12462499999999999,0.27756400000000003
0.118,0.268944
0.14412499999999995,0.268944
0.15337499999999998,0.25170400000000004
0.12524999999999997,0.26032400000000006
0.11737499999999995,0.24308400000000002
0.20024999999999998,0.22584400000000002
0.17524999999999996,0.27756400000000003
0.159375,0.268944
0.14237499999999997,0.25170400000000004
0.15149999999999997,0.28446000000000005
0.15087499999999998,0.24308400000000002
0.14662499999999995,0.25170400000000004
0.132625,0.217224
0.12837499999999996,0.26032400000000006
0.09974999999999995,0.25170400000000004
0.15575,0.27756400000000003
0.13924999999999998,0.25170400000000004
0.10762499999999997,0.22584400000000002
0.14662499999999995,0.27756400000000003
0.1235,0.26032400000000006
0.15337499999999998,0.22584400000000002
0.11249999999999999,0.268944
0.13624999999999998,0.25170400000000004
0.167375,0.268944
0.12287499999999996,0.25170400000000004
0.159375,0.268944
0.10274999999999995,0.22584400000000002
0.17099999999999999,0.24308400000000002
0.14049999999999996,0.25170400000000004
0.13499999999999995,0.22584400000000002
0.188625,0.29308000000000006
0.14599999999999996,0.25170400000000004
0.12899999999999995,0.22584400000000002
0.14412499999999995,0.217224
0.13749999999999996,0.25170400000000004
0.11374999999999996,0.24308400000000002
