0.11437499999999995,0.28446000000000005
0.12412499999999999,0.28446000000000005
0.11924999999999997,0.28446000000000005
0.12587499999999996,0.28446000000000005
0.170375,0.29308000000000006
0.19774999999999998,0.29308000000000006
0.17337499999999995,0.29308000000000006
0.19537499999999997,0.268944
0.14725,0.28446000000000005
0.14662499999999995,0.27756400000000003
0.15999999999999998,0.28446000000000005
0.16674999999999995,0.3189400000000001
0.19724999999999998,0.29308000000000006
0.16849999999999998,0.3017000000000001
0.18374999999999997,0.27756400000000003
0.18012499999999998,0.27756400000000003
0.16249999999999998,0.26032400000000006
0.15699999999999997,0.3017000000000001
0.16612499999999997,0.3017000000000001
0.09299999999999997,0.3189400000000001
0.159375,0.268944
0.202625,0.3361799999999999
0.121,0.268944
0.14299999999999996,0.268944
0.17099999999999999,0.3017000000000001
0.16799999999999998,0.29308000000000006
0.20387499999999997,0.268944
0.18624999999999997,0.268944
0.194125,0.25170400000000004
0.22462500000000002,0.26032400000000006
0.19174999999999998,0.28446000000000005
0.18262499999999998,0.29308000000000006
0.18624999999999997,0.29308000000000006
0.18137499999999995,0.268944
0.202125,0.28446000000000005
0.16424999999999995,0.27756400000000003
0.17524999999999996,0.268944
0.17162499999999997,0.24308400000000002
0.11487499999999995,0.3189400000000001
0.18012499999999998,0.3017000000000001
0.18012499999999998,0.3017000000000001
0.18562499999999998,0.27756400000000003
0.16362499999999996,0.268944
0.17162499999999997,0.3103200000000001
0.15149999999999997,0.27756400000000003
0.21549999999999997,0.25170400000000004
0.13987499999999997,0.27756400000000003
0.18624999999999997,0.3189400000000001
0.13199999999999995,0.3189400000000001
0.12287499999999996,0.28446000000000005
0.14599999999999996,0.28446000000000005
0.13874999999999998,0.27756400000000003
0.185,0.28446000000000005
0.118,0.29308000000000006
0.15387499999999998,0.3103200000000001
0.14362499999999995,0.3103200000000001
0.21675,0.3017000000000001
0.132625,0.27756400000000003
0.10212499999999997,0.29308000000000006
0.19899999999999995,0.28446000000000005
0.19237499999999996,0.28446000000000005
0.23312499999999997,0.3103200000000001
0.15387499999999998,0.27756400000000003
0.11062499999999997,0.29308000000000006
0.164875,0.29308000000000006
0.14362499999999995,0.3103200000000001
0.19237499999999996,0.268944
0.10024999999999995,0.3017000000000001
0.14175,0.25170400000000004
0.21299999999999997,0.3017000000000001
0.20637499999999998,0.28446000000000005
0.19599999999999995,0.268944
0.19474999999999998,0.28446000000000005
0.20387499999999997,0.25170400000000004
0.13499999999999995,0.3017000000000001
0.15699999999999997,0.3189400000000001
0.17224999999999996,0.3017000000000001
0.23925000000000002,0.27756400000000003
0.20325,0.3017000000000001
0.164875,0.25170400000000004
0.15212499999999995,0.27756400000000003
0.18374999999999997,0.3189400000000001
0.10999999999999999,0.29308000000000006
0.17099999999999999,0.25170400000000004
0.15512499999999996,0.268944
0.18374999999999997,0.27756400000000003
0.161875,0.29308000000000006
0.14299999999999996,0.27756400000000003
0.22462500000000002,0.3189400000000001
0.15275,0.26032400000000006
0.22462500000000002,0.27756400000000003
0.16674999999999995,0.3275599999999999
0.191125,0.27756400000000003
0.20149999999999996,0.3017000000000001
0.15762499999999996,0.3275599999999999
0.12037499999999995,0.3103200000000001
0.17774999999999996,0.28446000000000005
0.19599999999999995,0.29308000000000006
0.15762499999999996,0.29308000000000006
0.174,0.234464
0.14899999999999997,0.3189400000000001
0.141125,0.3017000000000001
0.13437499999999997,0.27756400000000003
0.15212499999999995,0.29308000000000006
0.19599999999999995,0.28446000000000005
0.15275,0.29308000000000006
0.25575,0.29308000000000006
0.18074999999999997,0.25170400000000004
0.13324999999999998,0.268944
0.20999999999999996,0.3017000000000001
0.16674999999999995,0.27756400000000003
0.15699999999999997,0.27756400000000003
0.20512499999999995,0.29308000000000006
0.10462499999999997,0.22584400000000002
0.159375,0.3189400000000001
0.17774999999999996,0.3275599999999999
0.16849999999999998,0.268944
0.13324999999999998,0.25170400000000004
0.07587499999999997,0.29308000000000006
0.13624999999999998,0.3017000000000001
0.20512499999999995,0.26032400000000006
0.13074999999999998,0.29308000000000006
0.17287499999999995,0.26032400000000006
0.188625,0.3017000000000001
0.16249999999999998,0.3103200000000001
0.194125,0.268944
0.18562499999999998,0.29308000000000006
0.14537499999999998,0.28446000000000005
0.17587499999999995,0.27756400000000003
0.16674999999999995,0.28446000000000005
0.18562499999999998,0.26032400000000006
0.164875,0.29308000000000006
0.18437499999999996,0.27756400000000003
0.18262499999999998,0.25170400000000004
0.156375,0.3103200000000001
0.14787499999999998,0.28446000000000005
0.17337499999999995,0.268944
0.1795,0.27756400000000003
0.23012499999999997,0.28446000000000005
0.17824999999999996,0.29308000000000006
0.13387499999999997,0.25170400000000004
0.20024999999999998,0.268944
0.19174999999999998,0.3103200000000001
0.16799999999999998,0.268944
0.191125,0.28446000000000005
0.15999999999999998,0.28446000000000005
0.21675,0.27756400000000003
0.18987499999999996,0.34479999999999994
0.18262499999999998,0.25170400000000004
0.14787499999999998,0.268944
0.17224999999999996,0.25170400000000004
0.16849999999999998,0.29308000000000006
0.16849999999999998,0.3189400000000001
0.17824999999999996,0.268944
0.23862499999999992,0.3103200000000001
0.22649999999999998,0.3103200000000001
0.17824999999999996,0.29308000000000006
0.17224999999999996,0.28446000000000005
0.16674999999999995,0.268944
0.13987499999999997,0.29308000000000006
0.17337499999999995,0.26032400000000006
0.16912499999999997,0.27756400000000003
0.174,0.29308000000000006
0.13199999999999995,0.3017000000000001
0.18987499999999996,0.3103200000000001
0.2532499999999999,0.27756400000000003
0.21725,0.27756400000000003
0.17224999999999996,0.28446000000000005
0.182,0.3103200000000001
0.12412499999999999,0.3017000000000001
0.14475,0.25170400000000004
0.17524999999999996,0.29308000000000006
0.19724999999999998,0.3189400000000001
0.23374999999999996,0.27756400000000003
0.14175,0.28446000000000005
0.159375,0.24308400000000002
0.12462499999999999,0.3017000000000001
0.14725,0.27756400000000003
0.188,0.268944
0.14849999999999997,0.29308000000000006
0.10462499999999997,0.29308000000000006
0.21675,0.27756400000000003
0.2545,0.3361799999999999
0.21237499999999998,0.29308000000000006
0.18924999999999997,0.28446000000000005
0.156375,0.3275599999999999
0.191125,0.29308000000000006
0.19837499999999997,0.268944
0.13687499999999997,0.3189400000000001
0.16062499999999996,0.3017000000000001
0.18562499999999998,0.27756400000000003
0.22649999999999998,0.29308000000000006
0.14962499999999995,0.29308000000000006
0.2405,0.268944
0.21125,0.3361799999999999
0.185,0.27756400000000003
0.21362499999999995,0.29308000000000006
0.188,0.26032400000000006
0.13624999999999998,0.29308000000000006
0.13324999999999998,0.3017000000000001
0.20875,0.29308000000000006
0.17224999999999996,0.28446000000000005
0.14725,0.268944
0.14725,0.28446000000000005
0.16612499999999997,0.29308000000000006
0.10762499999999997,0.3189400000000001
0.19349999999999995,0.3275599999999999
0.19287499999999996,0.234464
0.17337499999999995,0.234464
0.225875,0.3017000000000001
0.16249999999999998,0.268944
0.194125,0.25170400000000004
0.17824999999999996,0.3189400000000001
0.1235,0.27756400000000003
0.18624999999999997,0.25170400000000004
0.18924999999999997,0.3189400000000001
0.17524999999999996,0.27756400000000003
0.16124999999999995,0.28446000000000005
0.19537499999999997,0.28446000000000005
0.12162499999999998,0.27756400000000003
0.19174999999999998,0.3189400000000001
0.15387499999999998,0.28446000000000005
0.228875,0.26032400000000006
0.19287499999999996,0.26032400000000006
0.16974999999999996,0.3017000000000001
0.21362499999999995,0.3017000000000001
0.18624999999999997,0.3103200000000001
0.13137499999999996,0.27756400000000003
0.21549999999999997,0.27756400000000003
0.16849999999999998,0.3017000000000001
0.12774999999999997,0.29308000000000006
0.21787499999999999,0.3017000000000001
0.23925000000000002,0.28446000000000005
0.19724999999999998,0.29308000000000006
0.20024999999999998,0.268944
0.15025,0.3189400000000001
0.18437499999999996,0.27756400000000003
0.199625,0.3017000000000001
0.15337499999999998,0.24308400000000002
0.20637499999999998,0.3103200000000001
0.20512499999999995,0.3361799999999999
0.26724999999999993,0.268944
0.159375,0.3189400000000001
0.1765,0.3189400000000001
0.10949999999999999,0.3017000000000001
0.17712499999999998,0.25170400000000004
0.16424999999999995,0.28446000000000005
0.16312499999999996,0.27756400000000003
0.15762499999999996,0.3017000000000001
0.12774999999999997,0.29308000000000006
0.21362499999999995,0.29308000000000006
0.15824999999999995,0.29308000000000006
0.13924999999999998,0.3275599999999999
0.10274999999999995,0.3189400000000001
0.16249999999999998,0.29308000000000006
0.21425,0.29308000000000006
0.23137499999999994,0.3516959999999999
0.09237499999999998,0.268944
0.23925000000000002,0.27756400000000003
0.12774999999999997,0.3103200000000001
0.17712499999999998,0.25170400000000004
0.20812499999999995,0.3103200000000001
0.16062499999999996,0.3017000000000001
0.12462499999999999,0.28446000000000005
0.15575,0.268944
0.14412499999999995,0.3189400000000001
0.15449999999999997,0.26032400000000006
0.16249999999999998,0.3017000000000001
0.19349999999999995,0.3189400000000001
0.14475,0.29308000000000006
0.16799999999999998,0.28446000000000005
0.15087499999999998,0.29308000000000006
0.188625,0.27756400000000003
0.174,0.3017000000000001
0.12949999999999995,0.268944
0.21725,0.3017000000000001
0.071625,0.3103200000000001
0.21237499999999998,0.268944
0.19174999999999998,0.24308400000000002
0.18624999999999997,0.3017000000000001
0.21787499999999999,0.3103200000000001
0.12774999999999997,0.28446000000000005
0.14475,0.3017000000000001
0.21787499999999999,0.268944
0.16549999999999998,0.3189400000000001
0.12649999999999995,0.3017000000000001
0.13687499999999997,0.27756400000000003
0.14475,0.3189400000000001
0.18262499999999998,0.27756400000000003
0.10762499999999997,0.3103200000000001
0.06924999999999998,0.29308000000000006
0.19174999999999998,0.27756400000000003
0.22274999999999995,0.3017000000000001
0.14412499999999995,0.29308000000000006
0.15999999999999998,0.24308400000000002
0.22162500000000002,0.3189400000000001
0.13499999999999995,0.3189400000000001
0.13499999999999995,0.24308400000000002
0.16974999999999996,0.27756400000000003
0.16849999999999998,0.29308000000000006
0.22212499999999996,0.27756400000000003
0.17587499999999995,0.3017000000000001
0.21125,0.268944
0.14787499999999998,0.3189400000000001
0.14175,0.3017000000000001
0.15699999999999997,0.3017000000000001
0.14362499999999995,0.3017000000000001
0.17224999999999996,0.26032400000000006
0.18624999999999997,0.29308000000000006
0.14175,0.3103200000000001
0.13624999999999998,0.27756400000000003
0.18137499999999995,0.27756400000000003
0.17524999999999996,0.29308000000000006
0.19287499999999996,0.27756400000000003
0.239875,0.3189400000000001
0.11487499999999995,0.27756400000000003
0.16312499999999996,0.268944
0.15337499999999998,0.29308000000000006
0.14725,0.28446000000000005
0.16062499999999996,0.29308000000000006
0.19474999999999998,0.27756400000000003
0.21187499999999998,0.3017000000000001
0.22037499999999993,0.26032400000000006
0.202625,0.29308000000000006
0.20149999999999996,0.26032400000000006
0.14299999999999996,0.3017000000000001
0.15449999999999997,0.28446000000000005
0.164875,0.27756400000000003
0.16912499999999997,0.29308000000000006
0.185,0.3017000000000001
0.1875,0.24308400000000002
0.15275,0.3017000000000001
0.15449999999999997,0.29308000000000006
0.14537499999999998,0.3017000000000001
0.21362499999999995,0.27756400000000003
0.16974999999999996,0.3275599999999999
0.19899999999999995,0.27756400000000003
0.13987499999999997,0.27756400000000003
0.20325,0.28446000000000005
0.15087499999999998,0.29308000000000006
0.18074999999999997,0.3017000000000001
0.14362499999999995,0.268944
0.15087499999999998,0.3017000000000001
0.18012499999999998,0.27756400000000003
0.15087499999999998,0.268944
0.21299999999999997,0.268944
0.15575,0.34479999999999994
0.20575,0.29308000000000006
0.20087499999999997,0.3017000000000001
0.18687499999999996,0.27756400000000003
0.17587499999999995,0.27756400000000003
0.14662499999999995,0.27756400000000003
0.22037499999999993,0.3189400000000001
0.16799999999999998,0.26032400000000006
0.17712499999999998,0.29308000000000006
0.194125,0.29308000000000006
0.14962499999999995,0.3017000000000001
0.11924999999999997,0.3189400000000001
0.170375,0.25170400000000004
0.21362499999999995,0.3361799999999999
0.19537499999999997,0.3017000000000001
0.15512499999999996,0.29308000000000006
0.19349999999999995,0.27756400000000003
0.14962499999999995,0.28446000000000005
0.182,0.29308000000000006
0.10274999999999995,0.268944
0.19599999999999995,0.268944
0.10024999999999995,0.29308000000000006
0.15149999999999997,0.27756400000000003
0.16549999999999998,0.29308000000000006
0.13199999999999995,0.29308000000000006
0.18687499999999996,0.3017000000000001
0.19349999999999995,0.27756400000000003
0.170375,0.27756400000000003
0.21612499999999996,0.27756400000000003
0.15575,0.27756400000000003
0.138125,0.3103200000000001
0.17887499999999995,0.29308000000000006
0.18312499999999998,0.3189400000000001
0.17162499999999997,0.28446000000000005
0.16974999999999996,0.3017000000000001
0.16799999999999998,0.29308000000000006
0.156375,0.29308000000000006
0.20875,0.3189400000000001
0.17287499999999995,0.3017000000000001
0.194125,0.29308000000000006
0.12649999999999995,0.29308000000000006
0.12649999999999995,0.29308000000000006
0.1875,0.29308000000000006
0.14362499999999995,0.29308000000000006
0.15212499999999995,0.27756400000000003
0.15575,0.3189400000000001
0.15212499999999995,0.3017000000000001
0.16249999999999998,0.3189400000000001
0.14475,0.28446000000000005
0.20087499999999997,0.3189400000000001
0.17887499999999995,0.3103200000000001
0.19237499999999996,0.29308000000000006
0.156375,0.268944
0.09662499999999996,0.28446000000000005
0.185,0.3017000000000001
0.17099999999999999,0.25170400000000004
0.19774999999999998,0.268944
0.18624999999999997,0.3275599999999999
0.18624999999999997,0.268944
0.121,0.3017000000000001
0.15512499999999996,0.29308000000000006
0.15999999999999998,0.25170400000000004
0.18437499999999996,0.3017000000000001
0.13924999999999998,0.268944
0.14662499999999995,0.29308000000000006
0.174,0.29308000000000006
0.167375,0.3017000000000001
0.15337499999999998,0.234464
0.17287499999999995,0.26032400000000006
0.18374999999999997,0.29308000000000006
0.14725,0.28446000000000005
0.20149999999999996,0.3103200000000001
0.138125,0.3017000000000001
0.15449999999999997,0.29308000000000006
0.16312499999999996,0.28446000000000005
0.14962499999999995,0.25170400000000004
0.20875,0.26032400000000006
0.12287499999999996,0.3017000000000001
0.15387499999999998,0.28446000000000005
0.202125,0.29308000000000006
0.18312499999999998,0.27756400000000003
0.231875,0.3017000000000001
0.15087499999999998,0.27756400000000003
0.13687499999999997,0.268944
0.19724999999999998,0.29308000000000006
0.13387499999999997,0.3017000000000001
0.17287499999999995,0.28446000000000005
0.14475,0.27756400000000003
0.14175,0.27756400000000003
0.161875,0.29308000000000006
0.12037499999999995,0.29308000000000006
0.11924999999999997,0.27756400000000003
0.202125,0.28446000000000005
0.22649999999999998,0.268944
0.135625,0.28446000000000005
0.14475,0.3275599999999999
0.21487499999999998,0.28446000000000005
0.20024999999999998,0.27756400000000003
0.14849999999999997,0.3361799999999999
0.14962499999999995,0.27756400000000003
0.202625,0.3103200000000001
0.18562499999999998,0.29308000000000006
0.18262499999999998,0.3189400000000001
0.16974999999999996,0.25170400000000004
0.17712499999999998,0.3189400000000001
0.167375,0.3103200000000001
0.22649999999999998,0.27756400000000003
0.20449999999999996,0.3189400000000001
0.14175,0.26032400000000006
0.13387499999999997,0.268944
0.15575,0.3017000000000001
0.164875,0.3103200000000001
0.182,0.28446000000000005
0.14899999999999997,0.28446000000000005
0.202625,0.3017000000000001
0.13074999999999998,0.28446000000000005
0.14412499999999995,0.25170400000000004
0.12649999999999995,0.26032400000000006
0.14849999999999997,0.29308000000000006
0.18624999999999997,0.3275599999999999
0.10949999999999999,0.26032400000000006
0.19837499999999997,0.3017000000000001
0.18624999999999997,0.29308000000000006
0.19287499999999996,0.3017000000000001
0.19349999999999995,0.26032400000000006
0.15999999999999998,0.26032400000000006
0.13387499999999997,0.3017000000000001
0.16124999999999995,0.3017000000000001
0.14049999999999996,0.29308000000000006
0.12587499999999996,0.25170400000000004
0.14362499999999995,0.29308000000000006
0.19049999999999995,0.29308000000000006
0.17462499999999997,0.28446000000000005
0.14175,0.28446000000000005
0.15449999999999997,0.3017000000000001
0.138125,0.3017000000000001
0.15762499999999996,0.268944
0.13749999999999996,0.27756400000000003
0.16674999999999995,0.3189400000000001
0.14049999999999996,0.268944
0.09487499999999999,0.3275599999999999
0.12649999999999995,0.3017000000000001
0.182,0.3275599999999999
0.13687499999999997,0.27756400000000003
0.16312499999999996,0.29308000000000006
0.19237499999999996,0.26032400000000006
0.15762499999999996,0.3275599999999999
0.16249999999999998,0.3017000000000001
0.10274999999999995,0.268944
0.17712499999999998,0.25170400000000004
0.19899999999999995,0.28446000000000005
0.17337499999999995,0.29308000000000006
0.13324999999999998,0.29308000000000006
0.23374999999999996,0.29308000000000006
0.15999999999999998,0.3275599999999999
0.14962499999999995,0.3017000000000001
0.18074999999999997,0.27756400000000003
0.17337499999999995,0.268944
0.12524999999999997,0.27756400000000003
0.20325,0.29308000000000006
0.17587499999999995,0.27756400000000003
0.16424999999999995,0.3017000000000001
0.15699999999999997,0.3017000000000001
0.17099999999999999,0.268944
0.167375,0.26032400000000006
0.13499999999999995,0.3275599999999999
0.13387499999999997,0.27756400000000003
0.12774999999999997,0.28446000000000005
0.14362499999999995,0.28446000000000005
0.14049999999999996,0.29308000000000006
0.19049999999999995,0.3017000000000001
0.19537499999999997,0.29308000000000006
0.15824999999999995,0.268944
0.22462500000000002,0.29308000000000006
0.22162500000000002,0.28446000000000005
0.21362499999999995,0.234464
0.18012499999999998,0.29308000000000006
0.21062499999999995,0.3516959999999999
0.14412499999999995,0.3103200000000001
0.14537499999999998,0.28446000000000005
0.17587499999999995,0.26032400000000006
0.20637499999999998,0.29308000000000006
0.15087499999999998,0.28446000000000005
0.14899999999999997,0.28446000000000005
0.16312499999999996,0.29308000000000006
0.17462499999999997,0.27756400000000003
0.15575,0.3017000000000001
0.13074999999999998,0.29308000000000006
0.18137499999999995,0.27756400000000003
0.20699999999999996,0.29308000000000006
0.15699999999999997,0.3275599999999999
0.20149999999999996,0.3189400000000001
0.13387499999999997,0.25170400000000004
0.19774999999999998,0.25170400000000004
0.17224999999999996,0.3361799999999999
0.17887499999999995,0.29308000000000006
0.19049999999999995,0.24308400000000002
0.19724999999999998,0.27756400000000003
0.14049999999999996,0.268944
0.13499999999999995,0.28446000000000005
0.20512499999999995,0.29308000000000006
0.19474999999999998,0.3189400000000001
0.15699999999999997,0.28446000000000005
0.14849999999999997,0.27756400000000003
0.16674999999999995,0.29308000000000006
0.12412499999999999,0.3103200000000001
0.12587499999999996,0.27756400000000003
0.19349999999999995,0.29308000000000006
0.17524999999999996,0.3189400000000001
0.23625000000000002,0.29308000000000006
0.20512499999999995,0.29308000000000006
0.16062499999999996,0.3017000000000001
0.16062499999999996,0.27756400000000003
0.20024999999999998,0.268944
0.16062499999999996,0.27756400000000003
0.167375,0.3361799999999999
0.16974999999999996,0.28446000000000005
0.14537499999999998,0.28446000000000005
0.19049999999999995,0.29308000000000006
0.21425,0.29308000000000006
0.15575,0.268944
0.18987499999999996,0.268944
0.13749999999999996,0.29308000000000006
0.14412499999999995,0.29308000000000006
0.20937499999999998,0.27756400000000003
0.18562499999999998,0.3361799999999999
0.21125,0.3103200000000001
0.21425,0.29308000000000006
0.194125,0.3017000000000001
0.14475,0.268944
0.22099999999999992,0.28446000000000005
0.19049999999999995,0.3189400000000001
0.14175,0.28446000000000005
0.21787499999999999,0.3017000000000001
0.17224999999999996,0.3017000000000001
0.08687499999999998,0.3017000000000001
0.22037499999999993,0.3275599999999999
0.18137499999999995,0.25170400000000004
0.19174999999999998,0.3017000000000001
0.14962499999999995,0.28446000000000005
0.15699999999999997,0.29308000000000006
0.17099999999999999,0.3189400000000001
0.11312499999999998,0.29308000000000006
0.1235,0.28446000000000005
0.199625,0.29308000000000006
0.19237499999999996,0.217224
0.170375,0.3103200000000001
0.2435,0.3361799999999999
0.14849999999999997,0.27756400000000003
0.1795,0.3189400000000001
0.19287499999999996,0.29308000000000006
0.19174999999999998,0.28446000000000005
0.14849999999999997,0.268944
0.22274999999999995,0.3189400000000001
0.132625,0.28446000000000005
0.196625,0.27756400000000003
0.170375,0.3361799999999999
0.18262499999999998,0.29308000000000006
0.13624999999999998,0.268944
0.20749999999999996,0.28446000000000005
0.1765,0.27756400000000003
0.13624999999999998,0.268944
0.1875,0.29308000000000006
0.20937499999999998,0.3275599999999999
0.17587499999999995,0.268944
0.167375,0.268944
0.13437499999999997,0.3017000000000001
0.18262499999999998,0.268944
0.202125,0.3017000000000001
0.17162499999999997,0.24308400000000002
0.16974999999999996,0.268944
0.11924999999999997,0.268944
0.16674999999999995,0.27756400000000003
0.20449999999999996,0.29308000000000006
0.202125,0.34479999999999994
0.13199999999999995,0.3275599999999999
0.19237499999999996,0.27756400000000003
0.14299999999999996,0.3017000000000001
0.13749999999999996,0.28446000000000005
0.1765,0.3189400000000001
0.14237499999999997,0.29308000000000006
0.14412499999999995,0.25170400000000004
0.15699999999999997,0.27756400000000003
0.10024999999999995,0.29308000000000006
0.17524999999999996,0.3189400000000001
0.14237499999999997,0.268944
0.18074999999999997,0.3189400000000001
0.20087499999999997,0.3017000000000001
0.22274999999999995,0.28446000000000005
0.12899999999999995,0.29308000000000006
0.12162499999999998,0.268944
0.18074999999999997,0.3189400000000001
0.15874999999999995,0.3275599999999999
0.20875,0.28446000000000005
0.20387499999999997,0.29308000000000006
0.17887499999999995,0.27756400000000003
0.18137499999999995,0.268944
0.14787499999999998,0.268944
0.08199999999999996,0.268944
0.19774999999999998,0.29308000000000006
0.17099999999999999,0.26032400000000006
0.19774999999999998,0.27756400000000003
0.14362499999999995,0.268944
0.15824999999999995,0.26032400000000006
0.167375,0.3017000000000001
0.16849999999999998,0.27756400000000003
0.20999999999999996,0.3189400000000001
0.16249999999999998,0.29308000000000006
0.188625,0.3275599999999999
0.199625,0.34479999999999994
0.12837499999999996,0.3189400000000001
0.11437499999999995,0.268944
0.14899999999999997,0.3103200000000001
0.18012499999999998,0.3189400000000001
0.18262499999999998,0.24308400000000002
0.18074999999999997,0.29308000000000006
0.132625,0.3103200000000001
0.16974999999999996,0.28446000000000005
0.12899999999999995,0.3017000000000001
0.19049999999999995,0.234464
0.182,0.27756400000000003
0.12649999999999995,0.268944
0.15449999999999997,0.3189400000000001
0.13687499999999997,0.3103200000000001
0.15699999999999997,0.27756400000000003
0.17224999999999996,0.26032400000000006
0.22212499999999996,0.27756400000000003
0.15699999999999997,0.3103200000000001
0.14899999999999997,0.3103200000000001
0.156375,0.27756400000000003
0.15087499999999998,0.27756400000000003
0.15449999999999997,0.29308000000000006
0.20875,0.25170400000000004
0.13437499999999997,0.25170400000000004
0.15025,0.25170400000000004
0.20149999999999996,0.3275599999999999
0.188625,0.268944
0.18687499999999996,0.28446000000000005
0.17712499999999998,0.29308000000000006
0.19237499999999996,0.27756400000000003
0.16799999999999998,0.3103200000000001
0.14049999999999996,0.26032400000000006
0.182,0.3017000000000001
0.15699999999999997,0.24308400000000002
0.21549999999999997,0.3189400000000001
0.09599999999999997,0.3017000000000001
0.16062499999999996,0.27756400000000003
0.20637499999999998,0.27756400000000003
0.15337499999999998,0.27756400000000003
0.17524999999999996,0.27756400000000003
0.15449999999999997,0.3275599999999999
0.16362499999999996,0.29308000000000006
0.15999999999999998,0.268944
0.14662499999999995,0.3017000000000001
0.14599999999999996,0.29308000000000006
0.17462499999999997,0.28446000000000005
0.17337499999999995,0.27756400000000003
0.14362499999999995,0.29308000000000006
0.21675,0.3275599999999999
0.17224999999999996,0.268944
0.15449999999999997,0.24308400000000002
0.16249999999999998,0.28446000000000005
0.21299999999999997,0.268944
0.17887499999999995,0.3189400000000001
0.20387499999999997,0.3361799999999999
0.16362499999999996,0.34479999999999994
0.16124999999999995,0.25170400000000004
0.19174999999999998,0.28446000000000005
0.12412499999999999,0.268944
0.11974999999999997,0.22584400000000002
0.18924999999999997,0.3361799999999999
0.15575,0.3017000000000001
0.21912499999999996,0.27756400000000003
0.16062499999999996,0.268944
0.21787499999999999,0.268944
0.17162499999999997,0.268944
0.23249999999999998,0.27756400000000003
0.18312499999999998,0.3103200000000001
0.132625,0.28446000000000005
0.22274999999999995,0.268944
0.19174999999999998,0.268944
0.164875,0.29308000000000006
0.103375,0.25170400000000004
0.194125,0.27756400000000003
0.18624999999999997,0.3189400000000001
0.18074999999999997,0.3017000000000001
0.14725,0.234464
0.10149999999999998,0.3275599999999999
0.199625,0.27756400000000003
0.20024999999999998,0.3103200000000001
0.17287499999999995,0.28446000000000005
0.14237499999999997,0.27756400000000003
0.19237499999999996,0.25170400000000004
0.19237499999999996,0.3017000000000001
0.14787499999999998,0.3275599999999999
0.17099999999999999,0.3189400000000001
0.16124999999999995,0.268944
0.18262499999999998,0.28446000000000005
0.161875,0.24308400000000002
0.19774999999999998,0.3103200000000001
0.138125,0.29308000000000006
0.11487499999999995,0.28446000000000005
0.23562499999999992,0.28446000000000005
0.18924999999999997,0.3017000000000001
0.130125,0.268944
0.167375,0.29308000000000006
0.17287499999999995,0.268944
0.21849999999999997,0.27756400000000003
0.188,0.3189400000000001
0.18562499999999998,0.3103200000000001
0.1875,0.3017000000000001
0.15699999999999997,0.28446000000000005
0.18074999999999997,0.268944
0.196625,0.27756400000000003
0.17337499999999995,0.3017000000000001
0.14662499999999995,0.268944
0.21362499999999995,0.29308000000000006
0.15387499999999998,0.3017000000000001
0.22274999999999995,0.26032400000000006
0.19287499999999996,0.29308000000000006
0.12649999999999995,0.268944
0.132625,0.3017000000000001
0.21487499999999998,0.3189400000000001
0.17224999999999996,0.3017000000000001
0.16124999999999995,0.234464
0.18012499999999998,0.27756400000000003
0.16974999999999996,0.27756400000000003
0.13324999999999998,0.28446000000000005
0.21974999999999995,0.3275599999999999
0.14725,0.24308400000000002
0.14962499999999995,0.29308000000000006
0.19349999999999995,0.29308000000000006
0.18624999999999997,0.3103200000000001
0.15449999999999997,0.22584400000000002
0.199625,0.27756400000000003
0.14787499999999998,0.3189400000000001
0.21487499999999998,0.268944
0.17824999999999996,0.29308000000000006
0.14962499999999995,0.27756400000000003
0.11487499999999995,0.28446000000000005
0.16549999999999998,0.27756400000000003
0.20024999999999998,0.29308000000000006
0.18262499999999998,0.3017000000000001
0.15699999999999997,0.268944
0.16062499999999996,0.27756400000000003
0.182,0.3017000000000001
0.14237499999999997,0.27756400000000003
0.11549999999999999,0.29308000000000006
0.17099999999999999,0.28446000000000005
0.18687499999999996,0.28446000000000005
0.15087499999999998,0.25170400000000004
0.20812499999999995,0.27756400000000003
0.1795,0.3189400000000001
0.167375,0.27756400000000003
0.231875,0.3017000000000001
0.13137499999999996,0.3275599999999999
0.20087499999999997,0.29308000000000006
0.159375,0.28446000000000005
0.13987499999999997,0.268944
0.17099999999999999,0.29308000000000006
0.16549999999999998,0.28446000000000005
0.17587499999999995,0.3017000000000001
0.19899999999999995,0.24308400000000002
0.182,0.3017000000000001
0.20999999999999996,0.3017000000000001
0.16312499999999996,0.29308000000000006
0.11437499999999995,0.29308000000000006
0.18074999999999997,0.29308000000000006
0.16974999999999996,0.27756400000000003
0.19349999999999995,0.268944
0.21549999999999997,0.268944
0.15999999999999998,0.27756400000000003
0.1765,0.29308000000000006
0.17712499999999998,0.268944
0.16062499999999996,0.29308000000000006
0.13687499999999997,0.29308000000000006
0.15699999999999997,0.29308000000000006
0.12587499999999996,0.27756400000000003
0.156375,0.29308000000000006
0.11374999999999996,0.29308000000000006
0.13624999999999998,0.3017000000000001
0.16549999999999998,0.3017000000000001
0.18624999999999997,0.25170400000000004
0.06799999999999995,0.3603159999999999
0.19474999999999998,0.27756400000000003
0.13199999999999995,0.27756400000000003
0.15762499999999996,0.3017000000000001
0.17162499999999997,0.3017000000000001
0.21237499999999998,0.3017000000000001
0.14049999999999996,0.29308000000000006
0.16062499999999996,0.29308000000000006
0.19237499999999996,0.3017000000000001
0.15575,0.3189400000000001
0.16312499999999996,0.27756400000000003
0.16974999999999996,0.29308000000000006
0.19599999999999995,0.3103200000000001
0.14412499999999995,0.3017000000000001
0.18624999999999997,0.3103200000000001
0.19774999999999998,0.3017000000000001
0.12524999999999997,0.3017000000000001
0.16362499999999996,0.28446000000000005
0.22162500000000002,0.28446000000000005
0.188,0.27756400000000003
0.20875,0.25170400000000004
0.16424999999999995,0.28446000000000005
0.11737499999999995,0.29308000000000006
0.11124999999999996,0.27756400000000003
0.23012499999999997,0.29308000000000006
0.17462499999999997,0.3103200000000001
0.09974999999999995,0.3275599999999999
0.12037499999999995,0.268944
0.15212499999999995,0.28446000000000005
0.16124999999999995,0.28446000000000005
0.185,0.27756400000000003
0.12649999999999995,0.29308000000000006
0.14299999999999996,0.268944
0.18012499999999998,0.3275599999999999
0.13199999999999995,0.3017000000000001
0.22162500000000002,0.29308000000000006
0.13499999999999995,0.3017000000000001
0.23625000000000002,0.3189400000000001
0.12949999999999995,0.24308400000000002
0.22525,0.3275599999999999
0.11737499999999995,0.29308000000000006
0.15824999999999995,0.268944
0.23249999999999998,0.268944
0.14962499999999995,0.29308000000000006
0.19287499999999996,0.29308000000000006
0.19724999999999998,0.3103200000000001
0.14787499999999998,0.28446000000000005
0.1765,0.28446000000000005
0.159375,0.3189400000000001
0.13624999999999998,0.3275599999999999
0.12037499999999995,0.26032400000000006
0.15999999999999998,0.3275599999999999
0.138125,0.3275599999999999
0.16312499999999996,0.25170400000000004
0.16124999999999995,0.3017000000000001
0.12949999999999995,0.3017000000000001
0.11974999999999997,0.29308000000000006
0.23737499999999995,0.3017000000000001
0.18074999999999997,0.3017000000000001
0.14787499999999998,0.26032400000000006
0.228875,0.268944
0.18987499999999996,0.29308000000000006
0.14412499999999995,0.27756400000000003
0.21062499999999995,0.29308000000000006
0.191125,0.28446000000000005
0.18624999999999997,0.28446000000000005
0.20699999999999996,0.3017000000000001
0.1765,0.25170400000000004
0.182,0.28446000000000005
0.21187499999999998,0.3189400000000001
0.106375,0.29308000000000006
0.185,0.268944
0.15512499999999996,0.3189400000000001
0.13199999999999995,0.3103200000000001
0.159375,0.29308000000000006
0.17462499999999997,0.29308000000000006
0.15699999999999997,0.29308000000000006
0.15212499999999995,0.3017000000000001
0.132625,0.26032400000000006
0.15874999999999995,0.3017000000000001
0.16124999999999995,0.28446000000000005
0.12162499999999998,0.3189400000000001
0.14962499999999995,0.26032400000000006
0.16612499999999997,0.29308000000000006
0.09912499999999996,0.29308000000000006
0.1795,0.28446000000000005
0.202125,0.29308000000000006
0.19537499999999997,0.26032400000000006
0.15575,0.27756400000000003
0.18074999999999997,0.29308000000000006
0.225875,0.268944
0.17462499999999997,0.268944
0.17712499999999998,0.3189400000000001
0.15337499999999998,0.25170400000000004
0.18262499999999998,0.3017000000000001
0.17824999999999996,0.268944
0.156375,0.24308400000000002
0.16062499999999996,0.29308000000000006
0.16249999999999998,0.3275599999999999
0.14725,0.3189400000000001
0.12949999999999995,0.3103200000000001
0.196625,0.3275599999999999
0.17587499999999995,0.3189400000000001
0.194125,0.27756400000000003
0.19537499999999997,0.268944
0.19349999999999995,0.29308000000000006
0.130125,0.29308000000000006
0.16424999999999995,0.234464
0.14049999999999996,0.28446000000000005
0.22649999999999998,0.27756400000000003
0.194125,0.28446000000000005
0.19349999999999995,0.3017000000000001
0.17224999999999996,0.26032400000000006
0.20749999999999996,0.3017000000000001
0.16912499999999997,0.3103200000000001
0.16549999999999998,0.3189400000000001
0.17712499999999998,0.268944
0.13687499999999997,0.29308000000000006
0.12412499999999999,0.29308000000000006
0.16912499999999997,0.3103200000000001
0.20512499999999995,0.3103200000000001
0.127125,0.3017000000000001
0.20875,0.24308400000000002
0.14962499999999995,0.28446000000000005
0.132625,0.28446000000000005
0.1875,0.29308000000000006
0.14537499999999998,0.27756400000000003
0.196625,0.27756400000000003
0.167375,0.3017000000000001
0.13499999999999995,0.29308000000000006
0.13324999999999998,0.28446000000000005
0.132625,0.25170400000000004
0.15762499999999996,0.29308000000000006
0.20749999999999996,0.3189400000000001
0.15762499999999996,0.28446000000000005
0.21549999999999997,0.3017000000000001
0.164875,0.28446000000000005
0.164875,0.25170400000000004
0.14662499999999995,0.27756400000000003
0.19287499999999996,0.3017000000000001
0.14175,0.3189400000000001
0.14412499999999995,0.24308400000000002
0.20512499999999995,0.28446000000000005
0.185,0.29308000000000006
0.185,0.27756400000000003
0.17337499999999995,0.3017000000000001
0.14787499999999998,0.29308000000000006
0.17712499999999998,0.3275599999999999
0.14049999999999996,0.268944
0.159375,0.3189400000000001
0.16799999999999998,0.3189400000000001
0.11862499999999998,0.268944
0.21362499999999995,0.29308000000000006
0.18924999999999997,0.27756400000000003
0.118,0.28446000000000005
0.19287499999999996,0.28446000000000005
0.19774999999999998,0.29308000000000006
0.18924999999999997,0.3189400000000001
0.17824999999999996,0.3017000000000001
0.15387499999999998,0.27756400000000003
0.13749999999999996,0.29308000000000006
0.12649999999999995,0.3103200000000001
0.14662499999999995,0.3189400000000001
0.12774999999999997,0.27756400000000003
0.23137499999999994,0.26032400000000006
0.18624999999999997,0.3516959999999999
0.19774999999999998,0.26032400000000006
0.17524999999999996,0.268944
0.16849999999999998,0.3103200000000001
0.17224999999999996,0.28446000000000005
0.16612499999999997,0.3017000000000001
0.16612499999999997,0.29308000000000006
0.15699999999999997,0.3017000000000001
0.13687499999999997,0.268944
0.16849999999999998,0.27756400000000003
0.20875,0.3017000000000001
0.14299999999999996,0.3189400000000001
0.09049999999999997,0.3275599999999999
0.15337499999999998,0.28446000000000005
0.13074999999999998,0.25170400000000004
0.14299999999999996,0.3189400000000001
0.19174999999999998,0.3516959999999999
0.164875,0.268944
0.16062499999999996,0.27756400000000003
0.1795,0.268944
0.17587499999999995,0.29308000000000006
0.23625000000000002,0.3275599999999999
0.20087499999999997,0.29308000000000006
0.16849999999999998,0.268944
0.11437499999999995,0.28446000000000005
0.22649999999999998,0.27756400000000003
0.17524999999999996,0.3275599999999999
0.11549999999999999,0.3189400000000001
0.14175,0.25170400000000004
0.19237499999999996,0.3516959999999999
0.18562499999999998,0.29308000000000006
0.15212499999999995,0.3189400000000001
0.21425,0.268944
0.22949999999999998,0.29308000000000006
0.14599999999999996,0.25170400000000004
0.159375,0.3017000000000001
0.21549999999999997,0.27756400000000003
0.19474999999999998,0.268944
0.15087499999999998,0.29308000000000006
0.17099999999999999,0.3017000000000001
0.18987499999999996,0.3017000000000001
0.135625,0.27756400000000003
0.17462499999999997,0.3275599999999999
0.16312499999999996,0.268944
0.14899999999999997,0.29308000000000006
0.141125,0.28446000000000005
0.159375,0.29308000000000006
0.14849999999999997,0.3189400000000001
0.16124999999999995,0.28446000000000005
0.19774999999999998,0.25170400000000004
0.13749999999999996,0.27756400000000003
0.07587499999999997,0.26032400000000006
0.23737499999999995,0.27756400000000003
0.17887499999999995,0.3189400000000001
0.15337499999999998,0.27756400000000003
0.18987499999999996,0.25170400000000004
0.21362499999999995,0.29308000000000006
0.14237499999999997,0.3017000000000001
0.1795,0.26032400000000006
0.167375,0.25170400000000004
0.17524999999999996,0.268944
0.161875,0.29308000000000006
0.21675,0.3189400000000001
0.10762499999999997,0.28446000000000005
0.19899999999999995,0.3189400000000001
0.23074999999999996,0.3189400000000001
0.13987499999999997,0.28446000000000005
0.20575,0.28446000000000005
0.19287499999999996,0.3189400000000001
0.13074999999999998,0.3103200000000001
0.20875,0.28446000000000005
0.18374999999999997,0.29308000000000006
0.13924999999999998,0.28446000000000005
0.202625,0.29308000000000006
0.17887499999999995,0.3103200000000001
0.135625,0.29308000000000006
0.16799999999999998,0.3017000000000001
0.22525,0.26032400000000006
0.17712499999999998,0.268944
0.13987499999999997,0.27756400000000003
0.17099999999999999,0.29308000000000006
0.23374999999999996,0.28446000000000005
0.16849999999999998,0.268944
0.13324999999999998,0.28446000000000005
0.20387499999999997,0.3189400000000001
0.15212499999999995,0.268944
0.15087499999999998,0.268944
0.19349999999999995,0.3275599999999999
0.16312499999999996,0.29308000000000006
0.167375,0.29308000000000006
0.22162500000000002,0.28446000000000005
0.17824999999999996,0.3017000000000001
0.09787499999999999,0.3017000000000001
0.15874999999999995,0.234464
0.22037499999999993,0.268944
0.23137499999999994,0.27756400000000003
0.167375,0.268944
0.16974999999999996,0.24308400000000002
0.174,0.25170400000000004
0.18374999999999997,0.29308000000000006
0.19899999999999995,0.26032400000000006
0.167375,0.28446000000000005
0.18262499999999998,0.29308000000000006
0.15449999999999997,0.27756400000000003
0.17462499999999997,0.27756400000000003
0.20875,0.25170400000000004
0.16912499999999997,0.268944
0.12162499999999998,0.27756400000000003
0.16424999999999995,0.3189400000000001
0.12287499999999996,0.3361799999999999
0.20149999999999996,0.25170400000000004
0.21974999999999995,0.27756400000000003
0.14175,0.29308000000000006
0.185,0.3017000000000001
0.16312499999999996,0.3189400000000001
0.13437499999999997,0.25170400000000004
0.12224999999999997,0.3017000000000001
0.156375,0.268944
0.185,0.3017000000000001
0.19537499999999997,0.29308000000000006
0.22649999999999998,0.27756400000000003
0.138125,0.28446000000000005
0.19287499999999996,0.24308400000000002
0.20637499999999998,0.3017000000000001
0.14662499999999995,0.217224
0.20512499999999995,0.29308000000000006
0.13324999999999998,0.29308000000000006
0.18012499999999998,0.29308000000000006
0.188625,0.3189400000000001
0.174,0.28446000000000005
0.11612499999999998,0.268944
0.16124999999999995,0.27756400000000003
0.20812499999999995,0.3017000000000001
0.23562499999999992,0.268944
0.12462499999999999,0.26032400000000006
0.196625,0.3017000000000001
0.16062499999999996,0.27756400000000003
0.141125,0.3017000000000001
0.12162499999999998,0.27756400000000003
0.21725,0.3275599999999999
0.13687499999999997,0.27756400000000003
0.15824999999999995,0.3017000000000001
0.13749999999999996,0.3275599999999999
0.11674999999999996,0.3017000000000001
