0.22525,0.37755599999999995
0.256875,0.37755599999999995
0.17887499999999995,0.37755599999999995
0.19174999999999998,0.37755599999999995
0.258125,0.37755599999999995
0.269125,0.37755599999999995
0.174,0.37755599999999995
0.239875,0.29308000000000006
0.276375,0.3516959999999999
0.24412499999999998,0.427552
0.199625,0.36893599999999993
0.20575,0.394796
0.28675,0.3603159999999999
0.20749999999999996,0.41203599999999996
0.17337499999999995,0.36893599999999993
0.18262499999999998,0.34479999999999994
0.15824999999999995,0.3516959999999999
0.19837499999999997,0.41203599999999996
0.25262499999999993,0.38617599999999996
0.164875,0.3516959999999999
0.2678749999999999,0.394796
0.2708749999999999,0.3361799999999999
0.302625,0.3516959999999999
0.24837499999999996,0.403416
0.14962499999999995,0.41203599999999996
0.14412499999999995,0.36893599999999993
0.17162499999999997,0.29308000000000006
0.22337499999999993,0.41203599999999996
0.27887499999999993,0.41893199999999997
0.21362499999999995,0.3603159999999999
0.1765,0.3603159999999999
0.299,0.37755599999999995
0.23137499999999994,0.38617599999999996
0.29587499999999994,0.34479999999999994
0.16549999999999998,0.36893599999999993
0.185,0.36893599999999993
0.19349999999999995,0.34479999999999994
0.22337499999999993,0.37755599999999995
0.18262499999999998,0.3516959999999999
0.21787499999999999,0.394796
0.15149999999999997,0.3603159999999999
0.261125,0.37755599999999995
0.17287499999999995,0.3361799999999999
0.316,0.41203599999999996
0.3001249999999999,0.38617599999999996
0.14849999999999997,0.394796
0.26062499999999994,0.38617599999999996
0.24962499999999993,0.436172
0.14962499999999995,0.3603159999999999
0.313625,0.41203599999999996
0.22212499999999996,0.436172
0.16974999999999996,0.38617599999999996
0.29775,0.403416
0.2575,0.444792
0.20699999999999996,0.3361799999999999
0.18562499999999998,0.427552
0.15087499999999998,0.3603159999999999
0.19899999999999995,0.3361799999999999
0.27399999999999997,0.3516959999999999
0.182,0.38617599999999996
0.285,0.3603159999999999
0.23674999999999996,0.41203599999999996
0.231875,0.3516959999999999
0.19537499999999997,0.403416
0.256875,0.3603159999999999
0.191125,0.34479999999999994
0.23562499999999992,0.403416
0.1765,0.38617599999999996
0.20875,0.34479999999999994
0.24537499999999995,0.403416
0.3001249999999999,0.3603159999999999
0.26424999999999993,0.3603159999999999
0.15874999999999995,0.3516959999999999
0.24599999999999994,0.38617599999999996
0.28124999999999994,0.41203599999999996
0.242875,0.37755599999999995
0.25262499999999993,0.3275599999999999
0.20637499999999998,0.403416
0.255125,0.444792
0.15575,0.3275599999999999
0.21612499999999996,0.37755599999999995
0.170375,0.38617599999999996
0.14537499999999998,0.403416
0.23249999999999998,0.38617599999999996
0.26724999999999993,0.38617599999999996
0.15449999999999997,0.37755599999999995
0.23374999999999996,0.3361799999999999
0.17524999999999996,0.444792
0.19899999999999995,0.3275599999999999
0.2435,0.3603159999999999
0.22162500000000002,0.3603159999999999
0.17224999999999996,0.403416
0.15449999999999997,0.41893199999999997
0.15212499999999995,0.436172
0.23137499999999994,0.3516959999999999
0.23862499999999992,0.403416
0.2532499999999999,0.403416
0.22162500000000002,0.37755599999999995
0.19899999999999995,0.38617599999999996
0.156375,0.3275599999999999
0.22037499999999993,0.3603159999999999
0.23799999999999993,0.38617599999999996
0.29287499999999994,0.38617599999999996
0.196625,0.403416
0.15575,0.3275599999999999
0.32212499999999994,0.36893599999999993
0.19774999999999998,0.436172
0.301375,0.394796
0.22649999999999998,0.38617599999999996
0.24899999999999994,0.3516959999999999
0.28862499999999996,0.38617599999999996
0.138125,0.38617599999999996
0.26975,0.38617599999999996
0.20699999999999996,0.3603159999999999
0.34225,0.38617599999999996
0.19599999999999995,0.37755599999999995
0.22525,0.3603159999999999
0.21425,0.41203599999999996
0.19474999999999998,0.427552
0.25575,0.403416
0.21237499999999998,0.3275599999999999
0.20749999999999996,0.29308000000000006
0.3001249999999999,0.436172
0.182,0.394796
0.19537499999999997,0.38617599999999996
0.299625,0.34479999999999994
0.280125,0.403416
0.17587499999999995,0.403416
0.313625,0.403416
0.1875,0.41893199999999997
0.15824999999999995,0.3516959999999999
0.20024999999999998,0.38617599999999996
0.16062499999999996,0.3603159999999999
0.22099999999999992,0.436172
0.19174999999999998,0.37755599999999995
0.17524999999999996,0.394796
0.27575,0.3017000000000001
0.3001249999999999,0.41203599999999996
0.19774999999999998,0.37755599999999995
0.12287499999999996,0.38617599999999996
0.225875,0.3603159999999999
0.15575,0.3361799999999999
0.305625,0.34479999999999994
0.22649999999999998,0.41203599999999996
0.21125,0.37755599999999995
0.20699999999999996,0.3603159999999999
0.16549999999999998,0.37755599999999995
0.20575,0.394796
0.29287499999999994,0.36893599999999993
0.188625,0.38617599999999996
0.29587499999999994,0.36893599999999993
0.1875,0.41203599999999996
0.23737499999999995,0.3516959999999999
0.25137499999999996,0.41203599999999996
0.25575,0.394796
0.19899999999999995,0.3275599999999999
0.182,0.3603159999999999
0.16124999999999995,0.394796
0.23074999999999996,0.37755599999999995
0.21912499999999996,0.37755599999999995
0.21187499999999998,0.37755599999999995
0.273375,0.3189400000000001
0.23674999999999996,0.36893599999999993
0.17224999999999996,0.403416
0.22399999999999992,0.38617599999999996
0.26175,0.41203599999999996
0.19474999999999998,0.3603159999999999
0.20087499999999997,0.394796
0.23799999999999993,0.41203599999999996
0.14662499999999995,0.38617599999999996
0.19474999999999998,0.427552
0.21299999999999997,0.41893199999999997
0.19174999999999998,0.403416
0.2405,0.3275599999999999
0.32212499999999994,0.41203599999999996
0.286125,0.38617599999999996
0.21974999999999995,0.38617599999999996
0.188,0.3189400000000001
0.23074999999999996,0.41893199999999997
0.15874999999999995,0.403416
0.188625,0.3603159999999999
0.20749999999999996,0.37755599999999995
0.24712499999999998,0.403416
0.14175,0.427552
0.19474999999999998,0.3603159999999999
0.253875,0.37755599999999995
0.13387499999999997,0.3603159999999999
0.19899999999999995,0.37755599999999995
0.1875,0.427552
0.22762500000000002,0.38617599999999996
0.19174999999999998,0.37755599999999995
0.21787499999999999,0.34479999999999994
0.24774999999999997,0.3361799999999999
0.31112499999999993,0.403416
0.14787499999999998,0.36893599999999993
0.20999999999999996,0.427552
0.19899999999999995,0.403416
0.253875,0.403416
0.24599999999999994,0.3516959999999999
0.26299999999999996,0.38617599999999996
0.302,0.34479999999999994
0.24162499999999992,0.41203599999999996
0.2824999999999999,0.41203599999999996
0.11124999999999996,0.3603159999999999
0.18562499999999998,0.38617599999999996
0.20875,0.41203599999999996
0.255125,0.436172
0.20575,0.3361799999999999
0.26299999999999996,0.3361799999999999
0.26175,0.3603159999999999
0.26175,0.37755599999999995
0.23499999999999993,0.3603159999999999
0.20087499999999997,0.41203599999999996
0.161875,0.34479999999999994
0.22037499999999993,0.37755599999999995
0.23925000000000002,0.394796
0.19837499999999997,0.3516959999999999
0.20875,0.41203599999999996
0.23437499999999994,0.38617599999999996
0.18987499999999996,0.3603159999999999
0.21675,0.3603159999999999
0.188625,0.36893599999999993
0.283125,0.394796
0.24112499999999998,0.3189400000000001
0.188,0.403416
0.25199999999999995,0.38617599999999996
0.26599999999999996,0.34479999999999994
0.23799999999999993,0.3603159999999999
0.15575,0.403416
0.21362499999999995,0.3275599999999999
0.272125,0.38617599999999996
0.16549999999999998,0.436172
0.20512499999999995,0.41203599999999996
0.14849999999999997,0.41203599999999996
0.17162499999999997,0.38617599999999996
0.25025000000000003,0.436172
0.21125,0.38617599999999996
0.2685,0.38617599999999996
0.20999999999999996,0.45341200000000004
0.14725,0.3603159999999999
0.21912499999999996,0.403416
0.202125,0.436172
0.21675,0.34479999999999994
0.255125,0.3275599999999999
0.26175,0.403416
0.23312499999999997,0.403416
0.21487499999999998,0.3603159999999999
0.22699999999999992,0.436172
0.194125,0.38617599999999996
0.22525,0.37755599999999995
0.20999999999999996,0.38617599999999996
0.23012499999999997,0.28446000000000005
0.29524999999999996,0.37755599999999995
0.26975,0.38617599999999996
0.25575,0.403416
0.14962499999999995,0.3603159999999999
0.1795,0.38617599999999996
0.19899999999999995,0.37755599999999995
0.18012499999999998,0.36893599999999993
0.21062499999999995,0.38617599999999996
0.199625,0.427552
0.28924999999999995,0.37755599999999995
0.23562499999999992,0.38617599999999996
0.21612499999999996,0.436172
0.23437499999999994,0.34479999999999994
0.30324999999999996,0.38617599999999996
0.17774999999999996,0.38617599999999996
0.191125,0.3603159999999999
0.30449999999999994,0.394796
0.185,0.37755599999999995
0.21974999999999995,0.3361799999999999
0.19474999999999998,0.41203599999999996
0.25575,0.37755599999999995
0.20637499999999998,0.3516959999999999
0.194125,0.403416
0.21425,0.37755599999999995
0.21612499999999996,0.427552
0.242875,0.403416
0.19774999999999998,0.41203599999999996
0.15212499999999995,0.3603159999999999
0.27575,0.3275599999999999
0.25025000000000003,0.34479999999999994
0.22399999999999992,0.37755599999999995
0.26062499999999994,0.41203599999999996
0.18562499999999998,0.34479999999999994
0.22337499999999993,0.38617599999999996
0.28124999999999994,0.3516959999999999
0.2824999999999999,0.3603159999999999
0.185,0.3516959999999999
0.242875,0.38617599999999996
0.130125,0.3603159999999999
0.22399999999999992,0.37755599999999995
0.21425,0.37755599999999995
0.255125,0.38617599999999996
0.24162499999999992,0.38617599999999996
0.250875,0.34479999999999994
0.20512499999999995,0.3361799999999999
0.17224999999999996,0.38617599999999996
0.25937499999999997,0.37755599999999995
0.287375,0.394796
0.20699999999999996,0.394796
0.18987499999999996,0.37755599999999995
0.299,0.394796
0.256875,0.3103200000000001
0.270375,0.3017000000000001
0.24474999999999997,0.41203599999999996
0.21237499999999998,0.3189400000000001
0.280125,0.37755599999999995
0.17824999999999996,0.3275599999999999
0.20937499999999998,0.3603159999999999
0.21237499999999998,0.41203599999999996
0.199625,0.34479999999999994
0.2435,0.38617599999999996
0.16612499999999997,0.403416
0.13687499999999997,0.36893599999999993
0.24962499999999993,0.394796
0.280125,0.41203599999999996
0.14237499999999997,0.36893599999999993
0.22762500000000002,0.3603159999999999
0.196625,0.394796
0.272125,0.37755599999999995
0.255125,0.3603159999999999
0.16974999999999996,0.3275599999999999
0.26299999999999996,0.3516959999999999
0.17337499999999995,0.427552
0.21549999999999997,0.403416
0.2562499999999999,0.37755599999999995
0.15699999999999997,0.36893599999999993
0.17462499999999997,0.37755599999999995
0.18312499999999998,0.394796
0.2405,0.41203599999999996
0.11737499999999995,0.3275599999999999
0.23137499999999994,0.3516959999999999
0.20999999999999996,0.403416
0.17524999999999996,0.403416
0.15512499999999996,0.41203599999999996
0.19724999999999998,0.3516959999999999
0.23562499999999992,0.38617599999999996
0.21675,0.3603159999999999
0.20999999999999996,0.38617599999999996
0.20024999999999998,0.403416
0.305625,0.3516959999999999
0.33612499999999995,0.36893599999999993
0.23674999999999996,0.3516959999999999
0.15824999999999995,0.3603159999999999
0.23249999999999998,0.27756400000000003
0.280125,0.41203599999999996
0.18012499999999998,0.3603159999999999
0.25262499999999993,0.37755599999999995
0.15575,0.3603159999999999
0.19049999999999995,0.36893599999999993
0.26237499999999997,0.3603159999999999
0.17824999999999996,0.436172
0.17462499999999997,0.3361799999999999
0.19287499999999996,0.34479999999999994
0.2575,0.38617599999999996
0.231875,0.3189400000000001
0.285,0.403416
0.19174999999999998,0.34479999999999994
0.27462499999999995,0.3189400000000001
0.23012499999999997,0.37755599999999995
0.272125,0.41203599999999996
0.21725,0.37755599999999995
0.17824999999999996,0.3516959999999999
0.16549999999999998,0.3603159999999999
0.24962499999999993,0.3189400000000001
0.16312499999999996,0.41893199999999997
0.15999999999999998,0.36893599999999993
0.20937499999999998,0.3189400000000001
0.23012499999999997,0.436172
0.25937499999999997,0.3275599999999999
0.225875,0.38617599999999996
0.27699999999999997,0.436172
0.15212499999999995,0.3603159999999999
0.23562499999999992,0.3275599999999999
0.17524999999999996,0.3603159999999999
0.15337499999999998,0.394796
0.225875,0.394796
0.2532499999999999,0.403416
0.285,0.38617599999999996
0.22525,0.36893599999999993
0.25937499999999997,0.36893599999999993
0.16674999999999995,0.3189400000000001
0.23862499999999992,0.37755599999999995
0.258125,0.394796
0.239875,0.38617599999999996
0.20575,0.3603159999999999
0.196625,0.41203599999999996
0.26599999999999996,0.37755599999999995
0.264875,0.3361799999999999
0.24225000000000002,0.3275599999999999
0.17774999999999996,0.41203599999999996
0.21912499999999996,0.38617599999999996
0.29712500000000003,0.36893599999999993
0.26062499999999994,0.38617599999999996
0.23562499999999992,0.436172
0.15387499999999998,0.3603159999999999
0.23737499999999995,0.3017000000000001
0.19724999999999998,0.3275599999999999
0.19599999999999995,0.3275599999999999
0.299,0.38617599999999996
0.24774999999999997,0.34479999999999994
0.14049999999999996,0.3361799999999999
0.21425,0.394796
0.28675,0.3189400000000001
0.170375,0.3361799999999999
0.22525,0.38617599999999996
0.17224999999999996,0.3275599999999999
0.20749999999999996,0.34479999999999994
0.29712500000000003,0.38617599999999996
0.26975,0.436172
0.24962499999999993,0.3189400000000001
0.20024999999999998,0.3275599999999999
0.2405,0.3603159999999999
0.26724999999999993,0.41893199999999997
0.2708749999999999,0.37755599999999995
0.27699999999999997,0.394796
0.290375,0.38617599999999996
0.188,0.3516959999999999
0.16974999999999996,0.36893599999999993
0.24162499999999992,0.38617599999999996
0.18137499999999995,0.3516959999999999
0.194125,0.36893599999999993
0.21237499999999998,0.41893199999999997
0.185,0.41203599999999996
0.20575,0.3275599999999999
0.21787499999999999,0.3189400000000001
0.19599999999999995,0.36893599999999993
0.28375,0.427552
0.04124999999999995,0.403416
0.14537499999999998,0.3603159999999999
0.13387499999999997,0.3603159999999999
0.2824999999999999,0.394796
0.24162499999999992,0.36893599999999993
0.261125,0.444792
0.20699999999999996,0.41203599999999996
0.24162499999999992,0.38617599999999996
0.199625,0.37755599999999995
0.313625,0.3361799999999999
0.20575,0.37755599999999995
0.17887499999999995,0.41893199999999997
0.15212499999999995,0.403416
0.22212499999999996,0.34479999999999994
0.20637499999999998,0.3603159999999999
0.27575,0.41203599999999996
0.16974999999999996,0.427552
0.16974999999999996,0.34479999999999994
0.23562499999999992,0.41203599999999996
0.1795,0.38617599999999996
0.27887499999999993,0.427552
0.27699999999999997,0.34479999999999994
0.15575,0.394796
0.22825,0.41893199999999997
0.194125,0.3603159999999999
0.29712500000000003,0.394796
0.21425,0.3516959999999999
0.225875,0.436172
0.23862499999999992,0.3361799999999999
0.23137499999999994,0.3603159999999999
0.272125,0.36893599999999993
0.2405,0.37755599999999995
0.17224999999999996,0.41203599999999996
0.23074999999999996,0.3603159999999999
0.225875,0.3275599999999999
0.1765,0.38617599999999996
0.225875,0.41203599999999996
0.20699999999999996,0.38617599999999996
0.09487499999999999,0.3603159999999999
0.22762500000000002,0.37755599999999995
0.18074999999999997,0.37755599999999995
0.16549999999999998,0.403416
0.15699999999999997,0.3189400000000001
0.20575,0.38617599999999996
0.21487499999999998,0.444792
0.15337499999999998,0.3275599999999999
0.22399999999999992,0.38617599999999996
0.20749999999999996,0.41893199999999997
0.24537499999999995,0.3516959999999999
0.28924999999999995,0.394796
0.20024999999999998,0.38617599999999996
0.12649999999999995,0.38617599999999996
0.15824999999999995,0.34479999999999994
0.225875,0.41203599999999996
0.1875,0.394796
0.22162500000000002,0.38617599999999996
0.2545,0.3603159999999999
0.27762499999999996,0.37755599999999995
0.20325,0.3361799999999999
0.21299999999999997,0.3603159999999999
0.16062499999999996,0.394796
0.20999999999999996,0.37755599999999995
0.14662499999999995,0.38617599999999996
0.20812499999999995,0.38617599999999996
0.170375,0.37755599999999995
0.22525,0.3516959999999999
0.22649999999999998,0.38617599999999996
0.17287499999999995,0.41893199999999997
0.2854999999999999,0.34479999999999994
0.09362499999999996,0.3017000000000001
0.2465,0.427552
0.22099999999999992,0.444792
0.21187499999999998,0.3603159999999999
0.228875,0.37755599999999995
0.22212499999999996,0.37755599999999995
0.23137499999999994,0.36893599999999993
0.18924999999999997,0.38617599999999996
0.20875,0.41203599999999996
0.130125,0.3103200000000001
0.25937499999999997,0.38617599999999996
0.25025000000000003,0.37755599999999995
0.27524999999999994,0.38617599999999996
0.167375,0.37755599999999995
0.14962499999999995,0.38617599999999996
0.19349999999999995,0.403416
0.23437499999999994,0.41203599999999996
0.22949999999999998,0.427552
0.21062499999999995,0.3189400000000001
0.25875,0.38617599999999996
0.28987499999999994,0.37755599999999995
0.288,0.34479999999999994
0.23562499999999992,0.36893599999999993
0.164875,0.394796
0.170375,0.37755599999999995
0.2824999999999999,0.3516959999999999
0.20937499999999998,0.3361799999999999
0.16424999999999995,0.427552
0.20449999999999996,0.41203599999999996
0.20637499999999998,0.41203599999999996
0.21237499999999998,0.3189400000000001
0.29587499999999994,0.36893599999999993
0.21362499999999995,0.3361799999999999
0.14475,0.3361799999999999
0.19837499999999997,0.394796
0.15762499999999996,0.403416
0.19474999999999998,0.34479999999999994
0.3403749999999999,0.36893599999999993
0.22762500000000002,0.436172
0.19287499999999996,0.37755599999999995
0.26975,0.3516959999999999
0.19237499999999996,0.394796
0.23137499999999994,0.38617599999999996
0.191125,0.3017000000000001
0.22162500000000002,0.394796
0.18137499999999995,0.41893199999999997
0.2545,0.3516959999999999
0.2575,0.427552
0.10824999999999996,0.38617599999999996
0.27699999999999997,0.36893599999999993
0.16062499999999996,0.427552
0.15999999999999998,0.41203599999999996
0.23437499999999994,0.3516959999999999
0.174,0.3603159999999999
0.2545,0.394796
0.24112499999999998,0.3516959999999999
0.19899999999999995,0.403416
0.23012499999999997,0.38617599999999996
0.20812499999999995,0.34479999999999994
0.24162499999999992,0.38617599999999996
0.23137499999999994,0.3603159999999999
0.242875,0.3603159999999999
0.24837499999999996,0.38617599999999996
0.21675,0.3275599999999999
0.12037499999999995,0.34479999999999994
0.231875,0.403416
0.28987499999999994,0.3361799999999999
0.18374999999999997,0.34479999999999994
0.28924999999999995,0.38617599999999996
0.15999999999999998,0.37755599999999995
0.16912499999999997,0.3603159999999999
0.23312499999999997,0.38617599999999996
0.2795,0.41203599999999996
0.15337499999999998,0.37755599999999995
0.20512499999999995,0.394796
0.25137499999999996,0.41893199999999997
0.16062499999999996,0.403416
0.17774999999999996,0.37755599999999995
0.14725,0.37755599999999995
0.24412499999999998,0.3603159999999999
0.29649999999999993,0.38617599999999996
0.18437499999999996,0.3603159999999999
0.16912499999999997,0.34479999999999994
0.185,0.436172
0.12412499999999999,0.34479999999999994
0.21675,0.394796
0.1875,0.3603159999999999
0.13687499999999997,0.37755599999999995
0.239875,0.38617599999999996
0.24537499999999995,0.394796
0.16362499999999996,0.37755599999999995
0.18312499999999998,0.427552
0.12462499999999999,0.394796
0.22949999999999998,0.3603159999999999
0.24774999999999997,0.394796
0.242875,0.38617599999999996
0.10699999999999998,0.38617599999999996
0.20875,0.3275599999999999
0.21849999999999997,0.41203599999999996
0.25575,0.3603159999999999
0.14299999999999996,0.3603159999999999
0.26662499999999995,0.436172
0.29224999999999995,0.3603159999999999
0.25575,0.436172
0.167375,0.394796
0.19774999999999998,0.37755599999999995
0.26599999999999996,0.394796
0.23012499999999997,0.403416
0.22462500000000002,0.38617599999999996
0.13924999999999998,0.462032
0.19287499999999996,0.37755599999999995
0.22525,0.38617599999999996
0.196625,0.38617599999999996
0.23925000000000002,0.38617599999999996
0.23249999999999998,0.3516959999999999
0.256875,0.3361799999999999
0.25262499999999993,0.41203599999999996
0.23374999999999996,0.36893599999999993
0.261125,0.38617599999999996
0.272125,0.403416
0.16312499999999996,0.436172
0.273375,0.3361799999999999
0.20812499999999995,0.444792
0.16799999999999998,0.3017000000000001
0.273375,0.34479999999999994
0.33425,0.37755599999999995
0.27824999999999994,0.37755599999999995
0.225875,0.38617599999999996
0.16362499999999996,0.41893199999999997
0.17287499999999995,0.3603159999999999
0.261125,0.394796
0.21125,0.36893599999999993
0.19474999999999998,0.34479999999999994
0.24712499999999998,0.38617599999999996
0.22462500000000002,0.3603159999999999
0.28375,0.38617599999999996
0.14662499999999995,0.38617599999999996
0.22762500000000002,0.41203599999999996
0.273375,0.3603159999999999
0.194125,0.37755599999999995
0.20875,0.3603159999999999
0.21425,0.38617599999999996
0.14899999999999997,0.3603159999999999
0.22099999999999992,0.3516959999999999
0.20325,0.3516959999999999
0.23925000000000002,0.41203599999999996
0.302625,0.403416
0.19774999999999998,0.3189400000000001
0.25937499999999997,0.3603159999999999
0.23437499999999994,0.3603159999999999
0.18437499999999996,0.37755599999999995
0.17287499999999995,0.394796
0.299,0.37755599999999995
0.24537499999999995,0.37755599999999995
0.15087499999999998,0.3516959999999999
0.26062499999999994,0.38617599999999996
0.2532499999999999,0.427552
0.14299999999999996,0.3017000000000001
0.20637499999999998,0.3516959999999999
0.256875,0.37755599999999995
0.22949999999999998,0.37755599999999995
0.20812499999999995,0.37755599999999995
0.24774999999999997,0.3603159999999999
0.20387499999999997,0.38617599999999996
0.21062499999999995,0.38617599999999996
0.19599999999999995,0.41893199999999997
0.08074999999999999,0.41203599999999996
0.29775,0.394796
0.17524999999999996,0.436172
0.191125,0.36893599999999993
0.22399999999999992,0.3603159999999999
0.2435,0.403416
0.29224999999999995,0.394796
0.21612499999999996,0.36893599999999993
0.24537499999999995,0.403416
0.28375,0.36893599999999993
0.17774999999999996,0.462032
0.24599999999999994,0.38617599999999996
0.20699999999999996,0.38617599999999996
0.20024999999999998,0.427552
0.159375,0.38617599999999996
0.20637499999999998,0.3603159999999999
0.21487499999999998,0.36893599999999993
0.196625,0.3603159999999999
0.22399999999999992,0.37755599999999995
0.28124999999999994,0.3603159999999999
0.20637499999999998,0.3603159999999999
0.2465,0.38617599999999996
0.23374999999999996,0.41203599999999996
0.20149999999999996,0.41203599999999996
0.24537499999999995,0.394796
0.15212499999999995,0.38617599999999996
0.285,0.37755599999999995
0.24962499999999993,0.3603159999999999
0.24474999999999997,0.38617599999999996
0.20875,0.37755599999999995
0.31112499999999993,0.37755599999999995
0.18374999999999997,0.3361799999999999
0.225875,0.3603159999999999
0.24837499999999996,0.45341200000000004
0.16124999999999995,0.38617599999999996
0.15025,0.427552
0.23499999999999993,0.444792
0.19349999999999995,0.3516959999999999
0.24162499999999992,0.37755599999999995
0.18687499999999996,0.3603159999999999
0.17524999999999996,0.3275599999999999
0.287375,0.427552
0.15699999999999997,0.3516959999999999
0.27462499999999995,0.38617599999999996
0.26724999999999993,0.3516959999999999
0.16549999999999998,0.403416
0.305,0.37755599999999995
0.250875,0.41203599999999996
0.23562499999999992,0.3603159999999999
0.2465,0.3361799999999999
0.22949999999999998,0.3603159999999999
0.16424999999999995,0.3603159999999999
0.30324999999999996,0.38617599999999996
0.17099999999999999,0.436172
0.21549999999999997,0.427552
0.20325,0.38617599999999996
0.16062499999999996,0.3603159999999999
0.2465,0.38617599999999996
0.167375,0.3361799999999999
0.22649999999999998,0.3516959999999999
0.21125,0.41893199999999997
0.20575,0.41203599999999996
0.225875,0.3361799999999999
0.21125,0.3189400000000001
0.21787499999999999,0.37755599999999995
0.15449999999999997,0.394796
0.255125,0.26032400000000006
0.17337499999999995,0.403416
0.14299999999999996,0.41203599999999996
0.1875,0.3516959999999999
0.284375,0.3603159999999999
0.250875,0.41893199999999997
0.23374999999999996,0.27756400000000003
0.239875,0.3603159999999999
0.286125,0.427552
0.23437499999999994,0.41893199999999997
0.17224999999999996,0.37755599999999995
0.16424999999999995,0.41893199999999997
0.19837499999999997,0.37755599999999995
0.2685,0.38617599999999996
0.17774999999999996,0.3603159999999999
0.3227499999999999,0.36893599999999993
0.16974999999999996,0.36893599999999993
0.23799999999999993,0.3275599999999999
0.253875,0.36893599999999993
0.20749999999999996,0.41203599999999996
0.188625,0.38617599999999996
0.23499999999999993,0.38617599999999996
0.18687499999999996,0.394796
0.258125,0.34479999999999994
0.185,0.41203599999999996
0.26599999999999996,0.394796
0.273375,0.403416
0.15512499999999996,0.36893599999999993
0.22037499999999993,0.403416
0.2655,0.48616800000000004
0.20875,0.3516959999999999
0.23562499999999992,0.3361799999999999
0.16674999999999995,0.3017000000000001
0.29287499999999994,0.41203599999999996
0.22949999999999998,0.3275599999999999
0.22337499999999993,0.38617599999999996
0.17887499999999995,0.41893199999999997
0.286125,0.3516959999999999
0.22099999999999992,0.41203599999999996
0.18262499999999998,0.38617599999999996
0.2532499999999999,0.3603159999999999
0.21549999999999997,0.37755599999999995
0.13437499999999997,0.3361799999999999
0.24712499999999998,0.436172
0.19537499999999997,0.38617599999999996
0.18012499999999998,0.36893599999999993
0.196625,0.37755599999999995
0.25262499999999993,0.41893199999999997
0.21912499999999996,0.37755599999999995
0.20875,0.3361799999999999
0.20149999999999996,0.37755599999999995
0.24899999999999994,0.3603159999999999
0.2795,0.3603159999999999
0.20575,0.3516959999999999
0.24837499999999996,0.394796
0.21362499999999995,0.3603159999999999
0.14849999999999997,0.41203599999999996
0.22337499999999993,0.427552
0.22525,0.403416
0.287375,0.3516959999999999
0.23562499999999992,0.3516959999999999
0.188,0.3603159999999999
0.23499999999999993,0.34479999999999994
0.23799999999999993,0.394796
0.2708749999999999,0.394796
0.20812499999999995,0.3603159999999999
0.287375,0.394796
0.17224999999999996,0.394796
0.264875,0.3603159999999999
0.31112499999999993,0.41893199999999997
0.23499999999999993,0.3516959999999999
0.17224999999999996,0.3516959999999999
0.23249999999999998,0.38617599999999996
0.17337499999999995,0.3603159999999999
0.19537499999999997,0.36893599999999993
0.242875,0.3516959999999999
0.12287499999999996,0.38617599999999996
0.20999999999999996,0.34479999999999994
0.194125,0.403416
0.25262499999999993,0.403416
0.23674999999999996,0.38617599999999996
0.26424999999999993,0.37755599999999995
0.23074999999999996,0.427552
0.19537499999999997,0.41203599999999996
0.25199999999999995,0.403416
0.27575,0.3603159999999999
0.2795,0.37755599999999995
0.2532499999999999,0.3275599999999999
0.24712499999999998,0.38617599999999996
0.29224999999999995,0.37755599999999995
0.26662499999999995,0.427552
0.19599999999999995,0.37755599999999995
0.32512499999999994,0.3603159999999999
0.2795,0.38617599999999996
0.15699999999999997,0.29308000000000006
0.08749999999999997,0.3361799999999999
0.21425,0.37755599999999995
0.21725,0.37755599999999995
0.24712499999999998,0.37755599999999995
0.23074999999999996,0.38617599999999996
0.09362499999999996,0.3516959999999999
0.16549999999999998,0.34479999999999994
0.2715,0.3516959999999999
0.2435,0.3275599999999999
0.19237499999999996,0.37755599999999995
0.20999999999999996,0.403416
0.20087499999999997,0.38617599999999996
0.24537499999999995,0.3603159999999999
0.16849999999999998,0.394796
0.18312499999999998,0.38617599999999996
0.19174999999999998,0.36893599999999993
0.12037499999999995,0.3361799999999999
0.269125,0.41203599999999996
0.21725,0.3516959999999999
0.23012499999999997,0.38617599999999996
0.26424999999999993,0.403416
0.22162500000000002,0.36893599999999993
0.30387499999999995,0.37755599999999995
0.34225,0.36893599999999993
0.22162500000000002,0.38617599999999996
0.18374999999999997,0.38617599999999996
0.256875,0.41203599999999996
0.11862499999999998,0.41203599999999996
0.17224999999999996,0.34479999999999994
0.19837499999999997,0.38617599999999996
0.22212499999999996,0.3603159999999999
0.16674999999999995,0.3603159999999999
0.25199999999999995,0.37755599999999995
0.196625,0.36893599999999993
0.15699999999999997,0.3361799999999999
0.26724999999999993,0.41203599999999996
0.22525,0.41203599999999996
0.188625,0.3189400000000001
0.23312499999999997,0.403416
0.20387499999999997,0.37755599999999995
0.12774999999999997,0.3361799999999999
0.26062499999999994,0.3361799999999999
0.164875,0.36893599999999993
0.23674999999999996,0.38617599999999996
0.23312499999999997,0.403416
0.27887499999999993,0.3603159999999999
0.23562499999999992,0.3603159999999999
0.21974999999999995,0.37755599999999995
0.14299999999999996,0.3516959999999999
0.24474999999999997,0.3361799999999999
0.2532499999999999,0.3361799999999999
0.20699999999999996,0.38617599999999996
0.14899999999999997,0.38617599999999996
0.12949999999999995,0.3361799999999999
0.22525,0.462032
0.20512499999999995,0.36893599999999993
0.225875,0.3516959999999999
0.19537499999999997,0.34479999999999994
0.22949999999999998,0.403416
0.20149999999999996,0.3603159999999999
0.22337499999999993,0.37755599999999995
0.26975,0.38617599999999996
0.239875,0.38617599999999996
0.2575,0.3103200000000001
0.2405,0.38617599999999996
0.299625,0.38617599999999996
0.19174999999999998,0.37755599999999995
0.29524999999999996,0.3103200000000001
0.24599999999999994,0.41203599999999996
0.24712499999999998,0.38617599999999996
0.228875,0.28446000000000005
0.31787499999999996,0.403416
0.21787499999999999,0.403416
0.21062499999999995,0.41203599999999996
0.305,0.37755599999999995
0.23562499999999992,0.444792
0.21125,0.3189400000000001
0.19724999999999998,0.3275599999999999
0.14899999999999997,0.41203599999999996
0.18624999999999997,0.37755599999999995
0.21974999999999995,0.41893199999999997
0.12649999999999995,0.41203599999999996
0.23674999999999996,0.34479999999999994
0.25575,0.3603159999999999
0.188625,0.27756400000000003
0.22825,0.41893199999999997
0.19237499999999996,0.37755599999999995
0.17774999999999996,0.427552
0.2824999999999999,0.34479999999999994
0.261125,0.41203599999999996
0.18074999999999997,0.37755599999999995
0.280125,0.403416
0.12412499999999999,0.41203599999999996
0.26175,0.37755599999999995
0.19237499999999996,0.38617599999999996
0.23437499999999994,0.3603159999999999
0.185,0.427552
0.164875,0.34479999999999994
0.26362499999999994,0.41203599999999996
0.18987499999999996,0.3603159999999999
0.18137499999999995,0.3189400000000001
0.231875,0.427552
0.23312499999999997,0.29308000000000006
0.24774999999999997,0.38617599999999996
0.21425,0.41203599999999996
0.26299999999999996,0.3275599999999999
0.21912499999999996,0.3103200000000001
0.24962499999999993,0.403416
0.21425,0.3516959999999999
0.19049999999999995,0.41203599999999996
0.298375,0.41203599999999996
0.12524999999999997,0.394796
0.26424999999999993,0.3516959999999999
0.34225,0.41203599999999996
0.228875,0.36893599999999993
0.13924999999999998,0.3189400000000001
0.18012499999999998,0.37755599999999995
0.18374999999999997,0.38617599999999996
0.22212499999999996,0.41203599999999996
0.309375,0.3516959999999999
0.23562499999999992,0.3603159999999999
0.20699999999999996,0.3189400000000001
0.338,0.3603159999999999
0.22274999999999995,0.3516959999999999
0.287375,0.3603159999999999
0.23312499999999997,0.394796
0.22399999999999992,0.37755599999999995
0.13499999999999995,0.427552
0.21974999999999995,0.34479999999999994
0.22649999999999998,0.41893199999999997
0.20024999999999998,0.41203599999999996
0.255125,0.38617599999999996
0.17887499999999995,0.38617599999999996
0.228875,0.38617599999999996
0.2655,0.38617599999999996
0.28124999999999994,0.427552
0.27462499999999995,0.3603159999999999
0.19049999999999995,0.3603159999999999
0.194125,0.37755599999999995
0.20812499999999995,0.37755599999999995
0.182,0.403416
0.18074999999999997,0.3361799999999999
0.28862499999999996,0.36893599999999993
0.08449999999999996,0.436172
0.17099999999999999,0.37755599999999995
0.23312499999999997,0.41893199999999997
0.16362499999999996,0.36893599999999993
0.13687499999999997,0.3361799999999999
0.17162499999999997,0.3361799999999999
0.20512499999999995,0.41203599999999996
0.188,0.36893599999999993
0.2405,0.34479999999999994
0.302625,0.394796
0.20149999999999996,0.36893599999999993
0.2655,0.38617599999999996
0.22762500000000002,0.3603159999999999
0.231875,0.36893599999999993
0.19287499999999996,0.37755599999999995
0.22525,0.36893599999999993
0.25025000000000003,0.41203599999999996
0.27887499999999993,0.41203599999999996
0.255125,0.38617599999999996
0.294125,0.37755599999999995
0.19774999999999998,0.3603159999999999
0.16062499999999996,0.3603159999999999
0.16124999999999995,0.394796
0.21062499999999995,0.36893599999999993
0.25137499999999996,0.37755599999999995
0.23925000000000002,0.3361799999999999
0.15387499999999998,0.3361799999999999
0.22762500000000002,0.3361799999999999
0.17824999999999996,0.38617599999999996
0.199625,0.29308000000000006
0.2465,0.3361799999999999
0.22274999999999995,0.394796
0.18137499999999995,0.3275599999999999
0.22525,0.403416
0.29224999999999995,0.3603159999999999
0.23074999999999996,0.394796
0.23674999999999996,0.36893599999999993
0.23499999999999993,0.41203599999999996
0.1875,0.38617599999999996
0.1765,0.36893599999999993
0.20387499999999997,0.36893599999999993
0.19237499999999996,0.37755599999999995
0.3081249999999999,0.41203599999999996
0.22212499999999996,0.3516959999999999
0.21125,0.38617599999999996
0.14175,0.394796
0.250875,0.36893599999999993
0.196625,0.3603159999999999
0.20749999999999996,0.38617599999999996
0.196625,0.394796
0.20512499999999995,0.34479999999999994
0.301375,0.37755599999999995
0.17824999999999996,0.403416
0.19774999999999998,0.3189400000000001
0.2795,0.444792
0.2532499999999999,0.37755599999999995
0.29649999999999993,0.34479999999999994
0.19474999999999998,0.3516959999999999
0.3147499999999999,0.37755599999999995
0.280125,0.3603159999999999
0.11249999999999999,0.37755599999999995
0.25262499999999993,0.3275599999999999
0.18374999999999997,0.3361799999999999
0.261125,0.3603159999999999
0.34225,0.37755599999999995
0.21487499999999998,0.41203599999999996
0.202625,0.37755599999999995
0.16974999999999996,0.37755599999999995
0.30749999999999994,0.3603159999999999
0.2824999999999999,0.436172
0.2575,0.3361799999999999
0.22274999999999995,0.41893199999999997
0.22462500000000002,0.403416
0.18374999999999997,0.462032
0.23437499999999994,0.3275599999999999
0.22462500000000002,0.34479999999999994
0.273375,0.37755599999999995
0.19899999999999995,0.3516959999999999
0.19537499999999997,0.3603159999999999
0.22274999999999995,0.3603159999999999
0.24474999999999997,0.3603159999999999
0.21125,0.34479999999999994
0.106375,0.3603159999999999
0.19899999999999995,0.3603159999999999
0.27275,0.41203599999999996
0.15449999999999997,0.41893199999999997
0.141125,0.38617599999999996
0.2854999999999999,0.41203599999999996
0.24412499999999998,0.3516959999999999
0.29224999999999995,0.394796
0.1795,0.38617599999999996
0.17099999999999999,0.394796
0.23437499999999994,0.36893599999999993
0.21912499999999996,0.436172
0.16849999999999998,0.3603159999999999
0.17712499999999998,0.34479999999999994
0.28062499999999996,0.394796
0.23625000000000002,0.37755599999999995
0.21849999999999997,0.3603159999999999
0.24599999999999994,0.3603159999999999
0.18262499999999998,0.36893599999999993
0.17887499999999995,0.41203599999999996
0.18262499999999998,0.34479999999999994
0.24599999999999994,0.3103200000000001
0.18312499999999998,0.38617599999999996
0.182,0.41203599999999996
0.25875,0.41893199999999997
0.19837499999999997,0.41893199999999997
0.27462499999999995,0.38617599999999996
0.19537499999999997,0.3189400000000001
0.21787499999999999,0.3361799999999999
0.16249999999999998,0.37755599999999995
0.23374999999999996,0.36893599999999993
0.18687499999999996,0.3603159999999999
0.21237499999999998,0.3603159999999999
0.256875,0.3189400000000001
0.24112499999999998,0.34479999999999994
0.22949999999999998,0.38617599999999996
0.21425,0.3603159999999999
0.22649999999999998,0.36893599999999993
0.24599999999999994,0.41203599999999996
0.269125,0.41203599999999996
0.17337499999999995,0.38617599999999996
0.15212499999999995,0.34479999999999994
0.256875,0.38617599999999996
0.21425,0.3603159999999999
0.27824999999999994,0.3275599999999999
0.18987499999999996,0.403416
0.20449999999999996,0.34479999999999994
0.20449999999999996,0.436172
0.18987499999999996,0.3603159999999999
0.27699999999999997,0.3516959999999999
0.20087499999999997,0.41893199999999997
0.21362499999999995,0.38617599999999996
0.26175,0.3603159999999999
0.23562499999999992,0.38617599999999996
0.15087499999999998,0.38617599999999996
0.22949999999999998,0.3516959999999999
0.287375,0.41203599999999996
0.16674999999999995,0.41203599999999996
0.17287499999999995,0.37755599999999995
0.23249999999999998,0.36893599999999993
0.20812499999999995,0.38617599999999996
0.286125,0.403416
0.20999999999999996,0.41203599999999996
0.17774999999999996,0.3189400000000001
0.27462499999999995,0.37755599999999995
0.23862499999999992,0.394796
0.255125,0.37755599999999995
0.26299999999999996,0.38617599999999996
0.27699999999999997,0.403416
0.23312499999999997,0.34479999999999994
0.22037499999999993,0.41203599999999996
0.264875,0.3275599999999999
0.18562499999999998,0.36893599999999993
0.12224999999999997,0.436172
0.23312499999999997,0.34479999999999994
0.261125,0.38617599999999996
0.26424999999999993,0.38617599999999996
0.21675,0.436172
0.25575,0.3275599999999999
0.21849999999999997,0.38617599999999996
0.21362499999999995,0.3603159999999999
0.291,0.394796
0.2685,0.38617599999999996
0.26599999999999996,0.3603159999999999
0.185,0.36893599999999993
0.194125,0.3361799999999999
0.182,0.3603159999999999
0.25937499999999997,0.38617599999999996
0.18137499999999995,0.403416
0.20749999999999996,0.41203599999999996
0.2824999999999999,0.45341200000000004
0.18437499999999996,0.37755599999999995
0.22399999999999992,0.3603159999999999
0.17099999999999999,0.36893599999999993
0.194125,0.38617599999999996
0.2532499999999999,0.38617599999999996
0.331875,0.38617599999999996
0.19899999999999995,0.41203599999999996
0.17162499999999997,0.3603159999999999
0.14787499999999998,0.41203599999999996
0.242875,0.462032
0.23312499999999997,0.427552
0.20875,0.394796
0.290375,0.3603159999999999
0.256875,0.38617599999999996
0.17587499999999995,0.403416
0.18262499999999998,0.3189400000000001
0.202125,0.403416
0.2575,0.3189400000000001
0.22037499999999993,0.3017000000000001
0.22462500000000002,0.462032
0.21549999999999997,0.3603159999999999
0.21062499999999995,0.38617599999999996
0.22037499999999993,0.3516959999999999
0.30449999999999994,0.427552
0.10212499999999997,0.37755599999999995
0.24837499999999996,0.41893199999999997
0.20999999999999996,0.427552
0.21362499999999995,0.3361799999999999
0.23799999999999993,0.38617599999999996
0.194125,0.36893599999999993
0.24962499999999993,0.38617599999999996
0.132625,0.36893599999999993
0.22649999999999998,0.38617599999999996
0.31787499999999996,0.403416
0.24774999999999997,0.403416
0.16124999999999995,0.37755599999999995
0.16362499999999996,0.436172
0.21187499999999998,0.34479999999999994
0.24112499999999998,0.3516959999999999
0.202125,0.38617599999999996
0.22037499999999993,0.36893599999999993
0.20087499999999997,0.38617599999999996
0.2824999999999999,0.34479999999999994
0.24712499999999998,0.37755599999999995
0.258125,0.3516959999999999
0.14662499999999995,0.37755599999999995
0.16249999999999998,0.38617599999999996
0.21237499999999998,0.3603159999999999
0.15449999999999997,0.427552
