0.29712500000000003,0.48616800000000004
0.3373749999999999,0.49478800000000006
0.28862499999999996,0.48616800000000004
0.24162499999999992,0.48616800000000004
0.21675,0.48616800000000004
0.16974999999999996,0.47927200000000003
0.324,0.47927200000000003
0.301375,0.5292680000000001
0.25999999999999995,0.427552
0.2854999999999999,0.49478800000000006
0.13987499999999997,0.48616800000000004
0.313,0.462032
0.30624999999999997,0.462032
0.21299999999999997,0.444792
0.19474999999999998,0.462032
0.305625,0.41203599999999996
0.34225,0.403416
0.27699999999999997,0.47927200000000003
0.31425,0.403416
0.34225,0.462032
0.17887499999999995,0.470652
0.18437499999999996,0.49478800000000006
0.250875,0.462032
0.26062499999999994,0.47927200000000003
0.30387499999999995,0.427552
0.31725,0.470652
0.17162499999999997,0.47927200000000003
0.17774999999999996,0.462032
0.26175,0.49478800000000006
0.253875,0.462032
0.302,0.48616800000000004
0.29287499999999994,0.3603159999999999
0.30624999999999997,0.444792
0.28124999999999994,0.48616800000000004
0.2708749999999999,0.436172
0.2854999999999999,0.462032
0.2655,0.512028
0.22649999999999998,0.436172
0.2824999999999999,0.470652
0.26175,0.462032
0.2715,0.5034080000000001
0.24837499999999996,0.436172
0.31425,0.427552
0.33125,0.45341200000000004
0.32149999999999995,0.3603159999999999
0.316625,0.5465079999999999
0.30687499999999995,0.436172
0.34225,0.47927200000000003
0.33425,0.444792
0.2708749999999999,0.45341200000000004
0.21787499999999999,0.427552
0.330625,0.462032
0.305625,0.3361799999999999
0.25199999999999995,0.562024
0.26362499999999994,0.48616800000000004
0.23562499999999992,0.48616800000000004
0.30324999999999996,0.38617599999999996
0.27575,0.48616800000000004
0.313625,0.5292680000000001
0.290375,0.37755599999999995
0.34225,0.427552
0.18137499999999995,0.512028
0.309375,0.49478800000000006
0.23862499999999992,0.47927200000000003
0.185,0.394796
0.316625,0.5034080000000001
0.328875,0.462032
0.327625,0.45341200000000004
0.309375,0.5034080000000001
0.07899999999999996,0.462032
0.1765,0.41893199999999997
0.22399999999999992,0.45341200000000004
0.34225,0.48616800000000004
0.2465,0.48616800000000004
0.2575,0.427552
0.34225,0.38617599999999996
0.21062499999999995,0.49478800000000006
0.27699999999999997,0.470652
0.22462500000000002,0.462032
0.10824999999999996,0.444792
0.3147499999999999,0.444792
0.32087499999999997,0.5378879999999999
0.23249999999999998,0.47927200000000003
0.22399999999999992,0.49478800000000006
0.29224999999999995,0.45341200000000004
0.29712500000000003,0.49478800000000006
0.280125,0.45341200000000004
0.29524999999999996,0.47927200000000003
0.22399999999999992,0.47927200000000003
0.323375,0.470652
0.29649999999999993,0.462032
0.16362499999999996,0.436172
0.24899999999999994,0.5034080000000001
0.2655,0.427552
0.225875,0.47927200000000003
0.32149999999999995,0.5292680000000001
0.159375,0.470652
0.32149999999999995,0.470652
0.17887499999999995,0.470652
0.20449999999999996,0.41893199999999997
0.34225,0.512028
0.24837499999999996,0.5206480000000001
0.25025000000000003,0.462032
0.2678749999999999,0.5206480000000001
0.23312499999999997,0.38617599999999996
0.324,0.427552
0.29775,0.444792
0.23437499999999994,0.5034080000000001
0.20024999999999998,0.470652
0.3001249999999999,0.5292680000000001
0.32574999999999993,0.49478800000000006
0.27699999999999997,0.45341200000000004
0.341,0.5206480000000001
0.2715,0.444792
0.06499999999999995,0.403416
0.26975,0.5706439999999999
0.25199999999999995,0.470652
0.32149999999999995,0.41203599999999996
0.290375,0.48616800000000004
0.28375,0.45341200000000004
0.33,0.49478800000000006
0.16362499999999996,0.49478800000000006
0.313625,0.462032
0.21612499999999996,0.45341200000000004
0.29475,0.48616800000000004
0.21849999999999997,0.48616800000000004
0.34225,0.5465079999999999
0.285,0.436172
0.20024999999999998,0.41893199999999997
0.23562499999999992,0.41203599999999996
0.26724999999999993,0.49478800000000006
0.26599999999999996,0.49478800000000006
0.21299999999999997,0.5034080000000001
0.287375,0.47927200000000003
0.341625,0.37755599999999995
0.326375,0.5465079999999999
0.17524999999999996,0.3603159999999999
0.34225,0.47927200000000003
0.21974999999999995,0.41893199999999997
0.30449999999999994,0.436172
0.23074999999999996,0.5292680000000001
0.21549999999999997,0.470652
0.338,0.462032
0.31725,0.512028
0.194125,0.5206480000000001
0.323375,0.470652
0.20812499999999995,0.403416
0.22649999999999998,0.427552
0.2655,0.512028
0.23249999999999998,0.5034080000000001
0.2545,0.41203599999999996
0.3403749999999999,0.5465079999999999
0.272125,0.34479999999999994
0.30387499999999995,0.49478800000000006
0.34225,0.5034080000000001
0.34225,0.49478800000000006
0.34225,0.45341200000000004
0.34225,0.5378879999999999
0.31849999999999995,0.45341200000000004
0.334875,0.49478800000000006
0.3001249999999999,0.462032
0.26599999999999996,0.462032
0.11487499999999995,0.444792
0.1765,0.5034080000000001
0.18374999999999997,0.462032
0.2934999999999999,0.47927200000000003
0.24962499999999993,0.5206480000000001
0.24712499999999998,0.470652
0.28062499999999996,0.427552
0.34225,0.462032
0.34225,0.5034080000000001
0.309375,0.427552
0.24162499999999992,0.41203599999999996
0.25575,0.512028
0.276375,0.5034080000000001
0.313625,0.5034080000000001
0.185,0.444792
0.25875,0.5378879999999999
0.34225,0.5965039999999999
0.294125,0.462032
0.283125,0.436172
0.1765,0.444792
0.31787499999999996,0.5465079999999999
0.31725,0.27756400000000003
0.309375,0.436172
0.316,0.5292680000000001
0.334875,0.470652
0.25937499999999997,0.427552
0.21187499999999998,0.462032
0.231875,0.47927200000000003
0.26362499999999994,0.470652
0.280125,0.427552
0.32087499999999997,0.462032
0.3147499999999999,0.462032
0.29649999999999993,0.41203599999999996
0.316,0.34479999999999994
0.29224999999999995,0.462032
0.19474999999999998,0.512028
0.27824999999999994,0.38617599999999996
0.2795,0.5378879999999999
0.31787499999999996,0.49478800000000006
0.17824999999999996,0.5292680000000001
0.15824999999999995,0.49478800000000006
0.270375,0.470652
0.24837499999999996,0.41893199999999997
0.18312499999999998,0.512028
0.22399999999999992,0.436172
0.338,0.436172
0.05462499999999998,0.470652
0.309375,0.41203599999999996
0.28862499999999996,0.49478800000000006
0.31112499999999993,0.470652
0.34225,0.3603159999999999
0.22099999999999992,0.45341200000000004
0.28375,0.45341200000000004
0.21425,0.427552
0.20575,0.47927200000000003
0.27762499999999996,0.48616800000000004
0.287375,0.47927200000000003
0.21787499999999999,0.49478800000000006
0.225875,0.444792
0.34225,0.45341200000000004
0.299,0.5292680000000001
0.23437499999999994,0.462032
0.26724999999999993,0.5206480000000001
0.341,0.436172
0.264875,0.5292680000000001
0.1875,0.444792
0.27699999999999997,0.47927200000000003
0.31787499999999996,0.436172
0.32825,0.41203599999999996
0.22699999999999992,0.5034080000000001
0.188625,0.403416
0.33974999999999994,0.47927200000000003
0.324,0.427552
0.23137499999999994,0.45341200000000004
0.28987499999999994,0.47927200000000003
0.26299999999999996,0.47927200000000003
0.20999999999999996,0.403416
0.31112499999999993,0.5465079999999999
0.25262499999999993,0.47927200000000003
0.15087499999999998,0.427552
0.26599999999999996,0.462032
0.34225,0.462032
0.20149999999999996,0.5034080000000001
0.21362499999999995,0.47927200000000003
0.23862499999999992,0.403416
0.20449999999999996,0.436172
0.33549999999999996,0.48616800000000004
0.2405,0.512028
0.29587499999999994,0.47927200000000003
0.34225,0.47927200000000003
0.276375,0.41893199999999997
0.34225,0.47927200000000003
0.19724999999999998,0.470652
0.25999999999999995,0.394796
0.2685,0.47927200000000003
0.27524999999999994,0.470652
0.29524999999999996,0.436172
0.25262499999999993,0.5034080000000001
0.13437499999999997,0.462032
0.280125,0.47927200000000003
0.305,0.462032
0.324,0.470652
0.29712500000000003,0.403416
0.256875,0.48616800000000004
0.25937499999999997,0.5378879999999999
0.138125,0.41203599999999996
0.23737499999999995,0.5034080000000001
0.29712500000000003,0.48616800000000004
0.264875,0.47927200000000003
0.34225,0.470652
0.20875,0.394796
0.22525,0.48616800000000004
0.32025,0.5034080000000001
0.25575,0.462032
0.3227499999999999,0.5292680000000001
0.17887499999999995,0.41893199999999997
0.09487499999999999,0.38617599999999996
0.21125,0.5292680000000001
0.22274999999999995,0.5034080000000001
0.285,0.470652
0.25025000000000003,0.5292680000000001
0.25262499999999993,0.45341200000000004
0.23562499999999992,0.47927200000000003
0.24837499999999996,0.5034080000000001
0.290375,0.34479999999999994
0.23312499999999997,0.462032
0.20699999999999996,0.49478800000000006
0.250875,0.5034080000000001
0.16362499999999996,0.5034080000000001
0.305,0.41893199999999997
0.2465,0.48616800000000004
0.22162500000000002,0.394796
0.23437499999999994,0.38617599999999996
0.14237499999999997,0.462032
0.23925000000000002,0.462032
0.3081249999999999,0.512028
0.34225,0.427552
0.228875,0.47927200000000003
0.25937499999999997,0.47927200000000003
0.280125,0.444792
0.15212499999999995,0.444792
0.34225,0.444792
0.2532499999999999,0.45341200000000004
0.15699999999999997,0.427552
0.20875,0.45341200000000004
0.34225,0.462032
0.29775,0.47927200000000003
0.225875,0.41203599999999996
0.31725,0.427552
0.21787499999999999,0.47927200000000003
0.22274999999999995,0.427552
0.3081249999999999,0.47927200000000003
0.22399999999999992,0.444792
0.29162499999999997,0.47927200000000003
0.21787499999999999,0.48616800000000004
0.28987499999999994,0.45341200000000004
0.26724999999999993,0.462032
0.19287499999999996,0.5034080000000001
0.19899999999999995,0.462032
0.26175,0.41203599999999996
0.34225,0.5034080000000001
0.33249999999999996,0.5206480000000001
0.22399999999999992,0.427552
0.331875,0.444792
0.256875,0.45341200000000004
0.29587499999999994,0.3603159999999999
0.286125,0.5206480000000001
0.28375,0.427552
0.2795,0.5034080000000001
0.30687499999999995,0.427552
0.19237499999999996,0.403416
0.24474999999999997,0.5206480000000001
0.23925000000000002,0.45341200000000004
0.34225,0.5206480000000001
0.30687499999999995,0.48616800000000004
0.06987499999999996,0.436172
0.18374999999999997,0.49478800000000006
0.26362499999999994,0.5292680000000001
0.21362499999999995,0.47927200000000003
0.20024999999999998,0.462032
0.312375,0.5034080000000001
0.298375,0.403416
0.34225,0.47927200000000003
0.23799999999999993,0.427552
0.28124999999999994,0.49478800000000006
0.20024999999999998,0.45341200000000004
0.16849999999999998,0.436172
0.24837499999999996,0.470652
0.21487499999999998,0.444792
0.302625,0.47927200000000003
0.22337499999999993,0.49478800000000006
0.2562499999999999,0.436172
0.20812499999999995,0.48616800000000004
0.11312499999999998,0.47927200000000003
0.18437499999999996,0.5292680000000001
0.34225,0.462032
0.287375,0.49478800000000006
0.29224999999999995,0.462032
0.22699999999999992,0.427552
0.24225000000000002,0.47927200000000003
0.33374999999999994,0.436172
0.298375,0.462032
0.34225,0.512028
0.286125,0.436172
0.27699999999999997,0.462032
0.34225,0.47927200000000003
0.27462499999999995,0.470652
0.24774999999999997,0.470652
0.24162499999999992,0.48616800000000004
0.12949999999999995,0.462032
0.20699999999999996,0.427552
0.285,0.45341200000000004
0.27887499999999993,0.512028
0.27887499999999993,0.470652
0.34225,0.444792
0.24837499999999996,0.462032
0.225875,0.49478800000000006
0.34225,0.427552
0.21912499999999996,0.45341200000000004
0.2824999999999999,0.49478800000000006
0.21974999999999995,0.47927200000000003
0.299,0.5292680000000001
0.29224999999999995,0.5465079999999999
0.31175,0.49478800000000006
0.30624999999999997,0.41203599999999996
0.14662499999999995,0.41893199999999997
0.22337499999999993,0.5292680000000001
0.15512499999999996,0.49478800000000006
0.17462499999999997,0.47927200000000003
0.20699999999999996,0.5206480000000001
0.2708749999999999,0.462032
0.341625,0.427552
0.302625,0.5292680000000001
0.13199999999999995,0.47927200000000003
0.34225,0.427552
0.24837499999999996,0.512028
0.15874999999999995,0.47927200000000003
0.285,0.5034080000000001
0.19049999999999995,0.394796
0.312375,0.403416
0.27524999999999994,0.47927200000000003
0.26424999999999993,0.49478800000000006
0.30324999999999996,0.49478800000000006
0.283125,0.45341200000000004
0.21725,0.47927200000000003
0.34225,0.38617599999999996
0.231875,0.470652
0.22949999999999998,0.462032
0.29775,0.41203599999999996
0.196625,0.41893199999999997
0.302625,0.47927200000000003
0.26662499999999995,0.5206480000000001
0.13199999999999995,0.47927200000000003
0.34225,0.47927200000000003
0.3373749999999999,0.5034080000000001
0.2854999999999999,0.462032
0.272125,0.444792
0.25199999999999995,0.49478800000000006
0.291,0.3603159999999999
0.315375,0.5206480000000001
0.31725,0.403416
0.29475,0.5034080000000001
0.16549999999999998,0.49478800000000006
0.302625,0.462032
0.15824999999999995,0.512028
0.280125,0.462032
0.298375,0.5206480000000001
0.13749999999999996,0.5206480000000001
0.228875,0.3603159999999999
0.18374999999999997,0.5792639999999999
0.24962499999999993,0.5534039999999999
0.21787499999999999,0.470652
0.34225,0.5034080000000001
0.28675,0.5034080000000001
0.26599999999999996,0.427552
0.285,0.49478800000000006
0.228875,0.47927200000000003
0.26299999999999996,0.45341200000000004
0.33549999999999996,0.470652
0.27699999999999997,0.47927200000000003
0.312375,0.47927200000000003
0.287375,0.436172
0.290375,0.49478800000000006
0.17224999999999996,0.5534039999999999
0.250875,0.5206480000000001
0.24162499999999992,0.427552
0.31175,0.462032
0.2465,0.462032
0.341,0.444792
0.26599999999999996,0.45341200000000004
0.13387499999999997,0.462032
0.25575,0.5034080000000001
0.21487499999999998,0.45341200000000004
0.32574999999999993,0.45341200000000004
0.264875,0.462032
0.18312499999999998,0.47927200000000003
0.1795,0.462032
0.16124999999999995,0.462032
0.27824999999999994,0.462032
0.2405,0.462032
0.26599999999999996,0.47927200000000003
0.256875,0.41893199999999997
0.25575,0.462032
0.28124999999999994,0.512028
0.242875,0.462032
0.31787499999999996,0.48616800000000004
0.24712499999999998,0.5534039999999999
0.20937499999999998,0.462032
0.26662499999999995,0.5034080000000001
0.23925000000000002,0.45341200000000004
0.13687499999999997,0.45341200000000004
0.313,0.5292680000000001
0.1235,0.5034080000000001
0.19174999999999998,0.5034080000000001
0.24599999999999994,0.444792
0.3373749999999999,0.5206480000000001
0.20149999999999996,0.47927200000000003
0.301375,0.3603159999999999
0.2575,0.470652
0.338625,0.436172
0.2715,0.45341200000000004
0.19474999999999998,0.462032
0.31725,0.444792
0.23074999999999996,0.444792
0.286125,0.5034080000000001
0.26975,0.5465079999999999
0.156375,0.47927200000000003
0.22099999999999992,0.462032
0.29524999999999996,0.47927200000000003
0.253875,0.436172
0.338,0.470652
0.22212499999999996,0.444792
0.2435,0.436172
0.284375,0.5534039999999999
0.19599999999999995,0.3275599999999999
0.34225,0.47927200000000003
0.30687499999999995,0.41203599999999996
0.17824999999999996,0.49478800000000006
0.29649999999999993,0.41893199999999997
0.25575,0.444792
0.27699999999999997,0.48616800000000004
0.34225,0.470652
0.28924999999999995,0.5034080000000001
0.291,0.436172
0.291,0.436172
0.3403749999999999,0.436172
0.20325,0.48616800000000004
0.30875,0.49478800000000006
0.24412499999999998,0.45341200000000004
0.19474999999999998,0.462032
0.31849999999999995,0.5034080000000001
0.18137499999999995,0.5034080000000001
0.276375,0.462032
0.3227499999999999,0.470652
0.21062499999999995,0.403416
0.34225,0.5465079999999999
0.15824999999999995,0.47927200000000003
0.285,0.38617599999999996
0.32149999999999995,0.47927200000000003
0.25262499999999993,0.41203599999999996
0.22762500000000002,0.41203599999999996
0.341625,0.5206480000000001
0.2795,0.5292680000000001
0.23249999999999998,0.5206480000000001
0.16062499999999996,0.436172
0.34225,0.427552
0.30749999999999994,0.37755599999999995
0.21974999999999995,0.5034080000000001
0.20812499999999995,0.3361799999999999
0.24162499999999992,0.47927200000000003
0.20512499999999995,0.5292680000000001
0.341625,0.470652
0.3081249999999999,0.512028
0.341,0.47927200000000003
0.29775,0.427552
0.2795,0.436172
0.21725,0.403416
0.26599999999999996,0.5378879999999999
0.276375,0.436172
0.269125,0.436172
0.21612499999999996,0.436172
0.25025000000000003,0.49478800000000006
0.31725,0.436172
0.13387499999999997,0.462032
0.31912499999999994,0.403416
0.10824999999999996,0.47927200000000003
0.338625,0.5292680000000001
0.34225,0.49478800000000006
0.17824999999999996,0.48616800000000004
0.22337499999999993,0.470652
0.294125,0.5034080000000001
0.30624999999999997,0.470652
0.29587499999999994,0.462032
0.25199999999999995,0.5034080000000001
0.21675,0.436172
0.08749999999999997,0.462032
0.28375,0.444792
0.331875,0.49478800000000006
0.24412499999999998,0.512028
0.24962499999999993,0.5206480000000001
0.3147499999999999,0.444792
0.25575,0.444792
0.23925000000000002,0.49478800000000006
0.20812499999999995,0.36893599999999993
0.34225,0.436172
0.30624999999999997,0.66374
0.27575,0.38617599999999996
0.21612499999999996,0.462032
0.23737499999999995,0.403416
0.09487499999999999,0.462032
0.24112499999999998,0.427552
0.298375,0.5206480000000001
0.17462499999999997,0.47927200000000003
0.21849999999999997,0.462032
0.27575,0.436172
0.31425,0.5378879999999999
0.138125,0.38617599999999996
0.34225,0.41893199999999997
0.23799999999999993,0.436172
0.20875,0.37755599999999995
0.34225,0.470652
0.2465,0.5206480000000001
0.338,0.5378879999999999
0.18012499999999998,0.41893199999999997
0.273375,0.436172
0.27524999999999994,0.47927200000000003
0.18624999999999997,0.512028
0.273375,0.5792639999999999
0.316625,0.45341200000000004
0.31849999999999995,0.5034080000000001
0.239875,0.462032
0.23925000000000002,0.3361799999999999
0.34225,0.512028
0.25875,0.48616800000000004
0.19899999999999995,0.444792
0.256875,0.5378879999999999
0.15762499999999996,0.47927200000000003
0.18312499999999998,0.462032
0.24599999999999994,0.427552
0.32574999999999993,0.436172
0.34225,0.47927200000000003
0.34225,0.462032
0.19899999999999995,0.41203599999999996
0.27575,0.462032
0.27399999999999997,0.37755599999999995
0.24837499999999996,0.48616800000000004
0.10999999999999999,0.49478800000000006
0.23437499999999994,0.444792
0.31912499999999994,0.470652
0.26237499999999997,0.436172
0.17337499999999995,0.470652
0.30749999999999994,0.49478800000000006
0.21675,0.47927200000000003
0.29224999999999995,0.47927200000000003
0.331875,0.427552
0.29224999999999995,0.45341200000000004
0.09537499999999999,0.427552
0.273375,0.5034080000000001
0.22274999999999995,0.49478800000000006
0.16124999999999995,0.45341200000000004
0.34225,0.5034080000000001
0.30075,0.5292680000000001
0.2708749999999999,0.41203599999999996
0.34225,0.5292680000000001
0.34225,0.49478800000000006
0.2465,0.41203599999999996
0.29587499999999994,0.5534039999999999
0.253875,0.403416
0.052749999999999964,0.403416
0.34225,0.444792
0.24837499999999996,0.462032
0.316,0.45341200000000004
0.22525,0.436172
0.23012499999999997,0.462032
0.2678749999999999,0.444792
0.31175,0.47927200000000003
0.2545,0.47927200000000003
0.291,0.5292680000000001
0.24162499999999992,0.5292680000000001
0.22399999999999992,0.5034080000000001
0.194125,0.41203599999999996
0.287375,0.5792639999999999
0.33249999999999996,0.41203599999999996
0.299,0.427552
0.20449999999999996,0.38617599999999996
0.188625,0.45341200000000004
0.2715,0.436172
0.294125,0.47927200000000003
0.21237499999999998,0.470652
0.316,0.427552
0.22037499999999993,0.5034080000000001
0.19837499999999997,0.48616800000000004
0.26975,0.5534039999999999
0.22649999999999998,0.427552
0.2575,0.47927200000000003
0.2465,0.41203599999999996
0.17224999999999996,0.49478800000000006
0.328875,0.444792
0.25937499999999997,0.462032
0.11124999999999996,0.47927200000000003
0.299625,0.444792
0.1875,0.36893599999999993
0.20875,0.45341200000000004
0.23312499999999997,0.47927200000000003
0.26237499999999997,0.45341200000000004
0.22212499999999996,0.47927200000000003
0.27575,0.47927200000000003
0.202625,0.5292680000000001
0.34225,0.444792
0.26362499999999994,0.47927200000000003
0.15449999999999997,0.49478800000000006
0.21062499999999995,0.462032
0.19774999999999998,0.5292680000000001
0.264875,0.45341200000000004
0.3147499999999999,0.49478800000000006
0.11862499999999998,0.512028
0.270375,0.48616800000000004
0.312375,0.512028
0.24899999999999994,0.48616800000000004
0.029624999999999957,0.444792
0.291,0.5034080000000001
0.30075,0.5465079999999999
0.21787499999999999,0.512028
0.11924999999999997,0.49478800000000006
0.34225,0.403416
0.24962499999999993,0.462032
0.250875,0.462032
0.08262499999999995,0.5378879999999999
0.298375,0.47927200000000003
0.20512499999999995,0.47927200000000003
0.34225,0.462032
0.13387499999999997,0.512028
0.25199999999999995,0.427552
0.23799999999999993,0.470652
0.20999999999999996,0.41203599999999996
0.25137499999999996,0.470652
0.29775,0.436172
0.24162499999999992,0.45341200000000004
0.24474999999999997,0.47927200000000003
0.24899999999999994,0.41893199999999997
0.302,0.512028
0.316625,0.444792
0.258125,0.512028
0.19724999999999998,0.45341200000000004
0.253875,0.5292680000000001
0.21787499999999999,0.5465079999999999
0.23437499999999994,0.45341200000000004
0.34225,0.462032
0.28924999999999995,0.48616800000000004
0.272125,0.47927200000000003
0.28062499999999996,0.427552
0.288,0.49478800000000006
0.34225,0.5465079999999999
0.17162499999999997,0.427552
0.26175,0.444792
0.23074999999999996,0.462032
0.30987499999999996,0.5292680000000001
0.28062499999999996,0.49478800000000006
0.24837499999999996,0.41203599999999996
0.194125,0.41203599999999996
0.1795,0.47927200000000003
0.22649999999999998,0.5534039999999999
0.24712499999999998,0.45341200000000004
0.256875,0.427552
0.25875,0.403416
0.25137499999999996,0.403416
0.29524999999999996,0.47927200000000003
0.286125,0.462032
0.3147499999999999,0.462032
0.2655,0.462032
0.13387499999999997,0.5465079999999999
0.28375,0.5292680000000001
0.341625,0.41203599999999996
0.34225,0.5292680000000001
0.182,0.462032
0.2435,0.436172
0.287375,0.5034080000000001
0.33374999999999994,0.47927200000000003
0.29587499999999994,0.5034080000000001
0.3227499999999999,0.512028
0.167375,0.47927200000000003
0.14537499999999998,0.444792
0.2795,0.587884
0.26062499999999994,0.49478800000000006
0.24837499999999996,0.41203599999999996
0.305625,0.49478800000000006
0.12037499999999995,0.41203599999999996
0.286125,0.512028
0.24474999999999997,0.47927200000000003
0.24537499999999995,0.48616800000000004
0.27762499999999996,0.512028
0.334875,0.41203599999999996
0.3147499999999999,0.5034080000000001
0.338,0.562024
0.13499999999999995,0.3603159999999999
0.3293749999999999,0.6292599999999999
0.14787499999999998,0.462032
0.1875,0.41893199999999997
0.34225,0.5206480000000001
0.12037499999999995,0.5034080000000001
0.030874999999999986,0.38617599999999996
0.24899999999999994,0.47927200000000003
0.250875,0.48616800000000004
0.199625,0.41893199999999997
0.341625,0.462032
0.276375,0.45341200000000004
0.202125,0.47927200000000003
0.34225,0.5292680000000001
0.15337499999999998,0.512028
0.302,0.41203599999999996
0.34225,0.48616800000000004
0.22949999999999998,0.462032
0.26362499999999994,0.41893199999999997
0.34225,0.403416
0.21725,0.436172
0.34225,0.5206480000000001
0.15999999999999998,0.41203599999999996
0.15575,0.436172
0.23137499999999994,0.5534039999999999
0.27524999999999994,0.5034080000000001
0.34225,0.45341200000000004
0.19537499999999997,0.47927200000000003
0.27575,0.48616800000000004
0.20149999999999996,0.29308000000000006
0.34225,0.470652
0.298375,0.512028
0.239875,0.436172
0.258125,0.5034080000000001
0.31787499999999996,0.436172
0.24162499999999992,0.5034080000000001
0.1875,0.37755599999999995
0.20387499999999997,0.45341200000000004
0.30987499999999996,0.444792
0.290375,0.462032
0.15337499999999998,0.436172
0.2795,0.49478800000000006
0.33249999999999996,0.5206480000000001
0.23562499999999992,0.41893199999999997
0.283125,0.47927200000000003
0.23737499999999995,0.48616800000000004
0.15387499999999998,0.48616800000000004
0.284375,0.45341200000000004
0.29587499999999994,0.403416
0.31912499999999994,0.49478800000000006
0.32574999999999993,0.5206480000000001
0.30449999999999994,0.47927200000000003
0.194125,0.45341200000000004
0.28124999999999994,0.436172
0.305625,0.5292680000000001
0.283125,0.5034080000000001
0.258125,0.3516959999999999
0.28375,0.427552
0.21787499999999999,0.394796
0.33974999999999994,0.5292680000000001
0.22649999999999998,0.444792
0.29587499999999994,0.436172
0.31112499999999993,0.45341200000000004
0.22949999999999998,0.49478800000000006
0.31112499999999993,0.29308000000000006
0.30324999999999996,0.436172
0.25137499999999996,0.45341200000000004
0.285,0.436172
0.33125,0.403416
0.26175,0.427552
0.316,0.3603159999999999
0.27762499999999996,0.462032
0.27699999999999997,0.444792
0.23925000000000002,0.5378879999999999
0.242875,0.41893199999999997
0.28924999999999995,0.427552
0.34225,0.47927200000000003
0.15575,0.38617599999999996
0.20875,0.38617599999999996
0.2678749999999999,0.47927200000000003
0.26599999999999996,0.5465079999999999
0.18624999999999997,0.444792
0.305,0.3603159999999999
0.34225,0.5206480000000001
0.264875,0.462032
0.30387499999999995,0.45341200000000004
0.2685,0.47927200000000003
0.284375,0.47927200000000003
0.34225,0.427552
0.280125,0.436172
0.276375,0.41203599999999996
0.280125,0.5792639999999999
0.24412499999999998,0.45341200000000004
0.2685,0.427552
0.239875,0.5534039999999999
0.23674999999999996,0.5034080000000001
0.20637499999999998,0.36893599999999993
0.34225,0.5034080000000001
0.242875,0.5034080000000001
0.269125,0.45341200000000004
0.20387499999999997,0.47927200000000003
0.312375,0.47927200000000003
0.341,0.47927200000000003
0.285,0.49478800000000006
0.26299999999999996,0.462032
0.2685,0.436172
0.27399999999999997,0.45341200000000004
0.11437499999999995,0.47927200000000003
0.316,0.47927200000000003
0.21675,0.394796
0.21362499999999995,0.41893199999999997
0.32449999999999996,0.427552
0.118,0.41203599999999996
0.194125,0.470652
0.31049999999999994,0.47927200000000003
0.25137499999999996,0.462032
0.290375,0.5034080000000001
0.34225,0.5206480000000001
0.26299999999999996,0.38617599999999996
0.17712499999999998,0.48616800000000004
0.15212499999999995,0.47927200000000003
0.302,0.444792
0.34225,0.444792
0.305625,0.49478800000000006
0.32512499999999994,0.444792
0.32087499999999997,0.5034080000000001
0.19899999999999995,0.41893199999999997
0.25199999999999995,0.41203599999999996
0.12462499999999999,0.5034080000000001
0.14299999999999996,0.5534039999999999
0.3081249999999999,0.47927200000000003
0.250875,0.5034080000000001
0.26724999999999993,0.436172
0.27762499999999996,0.48616800000000004
0.34225,0.5534039999999999
0.19049999999999995,0.41893199999999997
0.24712499999999998,0.47927200000000003
0.21299999999999997,0.41203599999999996
0.299625,0.436172
0.256875,0.512028
0.24837499999999996,0.444792
0.20875,0.3603159999999999
0.34225,0.47927200000000003
0.21425,0.403416
0.22274999999999995,0.436172
0.273375,0.470652
0.2655,0.512028
0.30687499999999995,0.462032
0.27275,0.5792639999999999
0.21787499999999999,0.47927200000000003
0.20512499999999995,0.41203599999999996
0.299,0.5792639999999999
0.2824999999999999,0.5034080000000001
0.08024999999999999,0.45341200000000004
0.34225,0.470652
0.305,0.436172
0.22212499999999996,0.38617599999999996
0.17162499999999997,0.47927200000000003
0.2678749999999999,0.5206480000000001
0.16424999999999995,0.36893599999999993
0.31725,0.5034080000000001
0.27824999999999994,0.49478800000000006
0.19837499999999997,0.512028
0.276375,0.512028
0.19474999999999998,0.37755599999999995
0.32025,0.5706439999999999
0.11124999999999996,0.470652
0.319625,0.436172
0.26599999999999996,0.512028
0.34225,0.436172
0.34225,0.427552
0.2795,0.5034080000000001
0.17712499999999998,0.427552
0.26062499999999994,0.5965039999999999
0.202625,0.444792
0.34225,0.5292680000000001
0.15087499999999998,0.5206480000000001
0.29162499999999997,0.436172
0.25025000000000003,0.38617599999999996
0.161875,0.5534039999999999
0.28924999999999995,0.5534039999999999
0.17287499999999995,0.436172
0.14475,0.444792
0.12412499999999999,0.462032
0.34225,0.45341200000000004
0.242875,0.427552
0.29287499999999994,0.5292680000000001
0.2715,0.38617599999999996
0.24712499999999998,0.462032
0.298375,0.5206480000000001
0.22525,0.45341200000000004
0.29287499999999994,0.3361799999999999
0.26599999999999996,0.5034080000000001
0.16799999999999998,0.5292680000000001
0.23312499999999997,0.5034080000000001
0.2824999999999999,0.462032
0.31049999999999994,0.444792
0.34225,0.34479999999999994
0.23799999999999993,0.49478800000000006
0.27824999999999994,0.5378879999999999
0.15275,0.470652
0.283125,0.5378879999999999
0.33549999999999996,0.5034080000000001
0.34225,0.5206480000000001
0.34225,0.45341200000000004
0.194125,0.470652
0.21612499999999996,0.38617599999999996
0.27887499999999993,0.49478800000000006
0.22699999999999992,0.48616800000000004
0.31787499999999996,0.41203599999999996
0.287375,0.5465079999999999
0.17462499999999997,0.403416
0.327,0.3603159999999999
0.188625,0.444792
0.34225,0.5378879999999999
0.18262499999999998,0.48616800000000004
0.28124999999999994,0.462032
0.28675,0.5034080000000001
0.231875,0.427552
0.2545,0.5034080000000001
0.29587499999999994,0.48616800000000004
0.3373749999999999,0.462032
0.2435,0.427552
0.294125,0.41893199999999997
0.13499999999999995,0.37755599999999995
0.202125,0.48616800000000004
0.34225,0.436172
0.291,0.462032
0.28987499999999994,0.41203599999999996
0.16849999999999998,0.47927200000000003
0.28124999999999994,0.512028
0.294125,0.47927200000000003
0.330625,0.5034080000000001
0.21125,0.49478800000000006
0.26299999999999996,0.462032
0.20449999999999996,0.462032
0.20937499999999998,0.436172
0.16124999999999995,0.48616800000000004
0.22274999999999995,0.444792
0.312375,0.470652
0.18074999999999997,0.5034080000000001
0.23074999999999996,0.436172
0.049124999999999974,0.47927200000000003
0.34225,0.5206480000000001
0.27399999999999997,0.5034080000000001
0.194125,0.470652
0.23674999999999996,0.427552
0.19774999999999998,0.5292680000000001
0.34225,0.436172
0.33674999999999994,0.47927200000000003
0.319625,0.41893199999999997
0.22274999999999995,0.512028
0.25999999999999995,0.462032
0.21187499999999998,0.470652
0.121,0.47927200000000003
0.18137499999999995,0.47927200000000003
0.19774999999999998,0.444792
0.299,0.444792
0.25875,0.444792
0.23862499999999992,0.436172
0.16062499999999996,0.47927200000000003
0.27824999999999994,0.470652
0.24412499999999998,0.427552
0.2678749999999999,0.5034080000000001
0.23737499999999995,0.3603159999999999
0.31175,0.5034080000000001
0.16062499999999996,0.462032
0.22099999999999992,0.41203599999999996
0.30687499999999995,0.444792
0.264875,0.5206480000000001
0.194125,0.462032
0.34225,0.37755599999999995
0.28124999999999994,0.470652
0.20637499999999998,0.5792639999999999
0.334875,0.427552
0.3227499999999999,0.38617599999999996
0.31849999999999995,0.48616800000000004
0.22949999999999998,0.45341200000000004
0.34225,0.512028
0.3081249999999999,0.48616800000000004
0.17587499999999995,0.3603159999999999
0.32212499999999994,0.427552
0.20387499999999997,0.5206480000000001
0.25575,0.462032
0.11249999999999999,0.462032
0.19899999999999995,0.49478800000000006
0.341625,0.5034080000000001
0.1765,0.47927200000000003
0.1765,0.49478800000000006
0.22399999999999992,0.47927200000000003
0.33674999999999994,0.5465079999999999
0.2545,0.436172
0.29712500000000003,0.5378879999999999
0.08562499999999995,0.403416
0.22649999999999998,0.436172
0.309375,0.5378879999999999
0.34225,0.444792
0.22525,0.38617599999999996
0.34225,0.49478800000000006
0.21675,0.38617599999999996
0.33,0.462032
0.2435,0.47927200000000003
0.32212499999999994,0.5034080000000001
0.34225,0.436172
0.34225,0.470652
0.305,0.47927200000000003
0.29287499999999994,0.5034080000000001
0.29775,0.5292680000000001
0.305625,0.41203599999999996
0.2854999999999999,0.41893199999999997
0.17712499999999998,0.470652
0.2795,0.427552
0.30324999999999996,0.45341200000000004
0.15212499999999995,0.47927200000000003
0.26362499999999994,0.3275599999999999
0.34225,0.5034080000000001
0.11312499999999998,0.37755599999999995
0.20325,0.3516959999999999
0.30875,0.5292680000000001
0.27762499999999996,0.444792
0.341625,0.47927200000000003
0.26424999999999993,0.5792639999999999
0.199625,0.47927200000000003
0.2708749999999999,0.470652
0.28124999999999994,0.462032
0.09974999999999995,0.5034080000000001
0.32825,0.5034080000000001
0.309375,0.403416
0.32512499999999994,0.38617599999999996
0.26175,0.47927200000000003
0.302625,0.444792
0.2824999999999999,0.5034080000000001
0.29712500000000003,0.45341200000000004
0.2854999999999999,0.5034080000000001
0.106375,0.5206480000000001
0.294125,0.444792
0.242875,0.41203599999999996
0.32512499999999994,0.48616800000000004
0.27462499999999995,0.41203599999999996
0.305625,0.5292680000000001
0.280125,0.462032
0.29712500000000003,0.41203599999999996
0.22399999999999992,0.403416
0.32449999999999996,0.5206480000000001
0.26724999999999993,0.470652
0.24837499999999996,0.512028
0.20087499999999997,0.47927200000000003
0.21362499999999995,0.512028
0.20449999999999996,0.5206480000000001
0.14049999999999996,0.5034080000000001
0.21675,0.41203599999999996
0.34225,0.5034080000000001
0.2405,0.5378879999999999
0.256875,0.5034080000000001
0.16249999999999998,0.444792
0.34225,0.444792
0.21912499999999996,0.5034080000000001
0.3001249999999999,0.45341200000000004
0.17337499999999995,0.436172
0.302625,0.444792
0.253875,0.5465079999999999
0.23625000000000002,0.427552
0.26724999999999993,0.462032
0.2545,0.444792
0.256875,0.470652
0.30075,0.5034080000000001
0.341625,0.5378879999999999
0.22649999999999998,0.470652
0.34225,0.36893599999999993
0.28862499999999996,0.5034080000000001
0.14787499999999998,0.436172
0.1235,0.48616800000000004
0.29649999999999993,0.41203599999999996
0.18012499999999998,0.436172
0.1875,0.462032
0.23074999999999996,0.5034080000000001
0.24225000000000002,0.45341200000000004
0.28375,0.444792
0.21675,0.47927200000000003
0.185,0.47927200000000003
0.24537499999999995,0.47927200000000003
0.3293749999999999,0.48616800000000004
0.14962499999999995,0.444792
0.25575,0.5534039999999999
0.34225,0.436172
0.23562499999999992,0.34479999999999994
0.23674999999999996,0.5034080000000001
0.27699999999999997,0.5378879999999999
0.16312499999999996,0.48616800000000004
0.299625,0.470652
0.33674999999999994,0.47927200000000003
0.16612499999999997,0.470652
0.26175,0.5465079999999999
0.285,0.5465079999999999
0.2715,0.470652
0.17162499999999997,0.403416
0.26662499999999995,0.470652
0.28062499999999996,0.47927200000000003
0.34225,0.47927200000000003
0.2545,0.394796
0.16612499999999997,0.512028
0.34225,0.444792
0.15337499999999998,0.462032
0.20087499999999997,0.47927200000000003
0.34225,0.48616800000000004
0.22162500000000002,0.49478800000000006
0.299,0.462032
0.24837499999999996,0.462032
0.26062499999999994,0.47927200000000003
0.34225,0.41893199999999997
0.34225,0.47927200000000003
0.298375,0.512028
0.30987499999999996,0.5465079999999999
0.06612499999999999,0.444792
0.25575,0.38617599999999996
0.34225,0.47927200000000003
0.1875,0.49478800000000006
0.31175,0.41893199999999997
0.27887499999999993,0.41893199999999997
0.14049999999999996,0.512028
0.291,0.3603159999999999
0.26362499999999994,0.427552
0.21974999999999995,0.5206480000000001
0.256875,0.394796
0.34225,0.427552
0.264875,0.49478800000000006
0.19899999999999995,0.41893199999999997
0.27524999999999994,0.47927200000000003
0.34225,0.45341200000000004
0.25937499999999997,0.38617599999999996
0.28124999999999994,0.5206480000000001
0.34225,0.5206480000000001
0.34225,0.41893199999999997
0.21487499999999998,0.444792
0.21487499999999998,0.5292680000000001
0.19474999999999998,0.47927200000000003
0.23074999999999996,0.5034080000000001
0.22762500000000002,0.268944
0.21237499999999998,0.41203599999999996
0.34225,0.587884
0.34225,0.45341200000000004
0.25025000000000003,0.45341200000000004
0.26175,0.403416
0.174,0.427552
0.196625,0.462032
0.21549999999999997,0.5292680000000001
0.33125,0.48616800000000004
0.25199999999999995,0.45341200000000004
0.15699999999999997,0.41203599999999996
0.26724999999999993,0.45341200000000004
0.23737499999999995,0.49478800000000006
0.29224999999999995,0.5206480000000001
0.24412499999999998,0.41893199999999997
0.24225000000000002,0.47927200000000003
0.255125,0.48616800000000004
0.19837499999999997,0.462032
0.19049999999999995,0.41203599999999996
0.34225,0.470652
0.272125,0.512028
0.2685,0.436172
0.291,0.462032
0.316,0.5292680000000001
0.1765,0.436172
0.231875,0.48616800000000004
0.20875,0.47927200000000003
0.24837499999999996,0.436172
0.30075,0.47927200000000003
0.27699999999999997,0.5206480000000001
0.14725,0.36893599999999993
0.23499999999999993,0.5034080000000001
0.309375,0.5792639999999999
0.2854999999999999,0.45341200000000004
0.34225,0.5378879999999999
0.2435,0.436172
