0.2795,0.470652
0.23562499999999992,0.47927200000000003
0.22037499999999993,0.470652
0.313625,0.470652
0.26175,0.470652
0.27824999999999994,0.470652
0.2678749999999999,0.47927200000000003
0.20024999999999998,0.49478800000000006
0.258125,0.436172
0.32212499999999994,0.47927200000000003
0.22649999999999998,0.427552
0.23737499999999995,0.462032
0.12524999999999997,0.462032
0.2545,0.5034080000000001
0.21787499999999999,0.48616800000000004
0.258125,0.47927200000000003
0.312375,0.470652
0.21125,0.47927200000000003
0.27762499999999996,0.5465079999999999
0.20999999999999996,0.5292680000000001
0.14787499999999998,0.41893199999999997
0.22525,0.47927200000000003
0.21974999999999995,0.444792
0.15337499999999998,0.444792
0.22399999999999992,0.512028
0.23562499999999992,0.436172
0.23437499999999994,0.427552
0.27575,0.512028
0.27824999999999994,0.403416
0.30875,0.47927200000000003
0.23312499999999997,0.47927200000000003
0.17824999999999996,0.462032
0.26062499999999994,0.47927200000000003
0.19237499999999996,0.5034080000000001
0.270375,0.47927200000000003
0.2405,0.49478800000000006
0.287375,0.436172
0.17887499999999995,0.470652
0.34225,0.394796
0.2532499999999999,0.462032
0.24225000000000002,0.48616800000000004
0.298375,0.462032
0.25875,0.470652
0.20699999999999996,0.470652
0.23925000000000002,0.47927200000000003
0.34225,0.5206480000000001
0.19724999999999998,0.470652
0.23925000000000002,0.436172
0.28924999999999995,0.512028
0.18987499999999996,0.45341200000000004
0.34225,0.436172
0.22162500000000002,0.5034080000000001
0.24412499999999998,0.45341200000000004
0.34225,0.47927200000000003
0.19287499999999996,0.436172
0.28375,0.436172
0.309375,0.49478800000000006
0.319625,0.45341200000000004
0.20875,0.49478800000000006
0.25937499999999997,0.49478800000000006
0.25199999999999995,0.5034080000000001
0.17887499999999995,0.444792
0.24162499999999992,0.444792
0.22399999999999992,0.47927200000000003
0.290375,0.403416
0.27762499999999996,0.462032
0.23499999999999993,0.5034080000000001
0.256875,0.470652
0.22462500000000002,0.436172
0.21125,0.5206480000000001
0.22274999999999995,0.427552
0.20149999999999996,0.403416
0.33674999999999994,0.5378879999999999
0.21675,0.49478800000000006
0.21125,0.5034080000000001
0.31049999999999994,0.45341200000000004
0.29712500000000003,0.47927200000000003
0.18987499999999996,0.462032
0.202625,0.48616800000000004
0.20512499999999995,0.49478800000000006
0.2465,0.47927200000000003
0.22649999999999998,0.462032
0.18262499999999998,0.403416
0.29587499999999994,0.5378879999999999
0.32149999999999995,0.5034080000000001
0.272125,0.436172
0.23737499999999995,0.5034080000000001
0.239875,0.48616800000000004
0.25937499999999997,0.37755599999999995
0.2795,0.47927200000000003
0.25199999999999995,0.47927200000000003
0.30687499999999995,0.47927200000000003
0.130125,0.462032
0.16124999999999995,0.5034080000000001
0.285,0.462032
0.188625,0.47927200000000003
0.20149999999999996,0.436172
0.24474999999999997,0.5534039999999999
0.21299999999999997,0.5034080000000001
0.132625,0.462032
0.298375,0.5206480000000001
0.161875,0.45341200000000004
0.269125,0.45341200000000004
0.288,0.47927200000000003
0.24837499999999996,0.444792
0.20024999999999998,0.462032
0.21612499999999996,0.47927200000000003
0.20637499999999998,0.470652
0.20637499999999998,0.49478800000000006
0.23925000000000002,0.47927200000000003
0.287375,0.470652
0.26724999999999993,0.47927200000000003
0.25137499999999996,0.47927200000000003
0.34225,0.5034080000000001
0.26975,0.427552
0.299625,0.41203599999999996
0.284375,0.436172
0.298375,0.49478800000000006
0.23137499999999994,0.48616800000000004
0.27462499999999995,0.48616800000000004
0.34225,0.49478800000000006
0.30449999999999994,0.470652
0.299625,0.5034080000000001
0.30387499999999995,0.49478800000000006
0.22399999999999992,0.436172
0.25575,0.444792
0.34225,0.427552
0.28987499999999994,0.470652
0.2824999999999999,0.427552
0.25875,0.5034080000000001
0.31112499999999993,0.5292680000000001
0.29224999999999995,0.394796
0.29162499999999997,0.47927200000000003
0.12412499999999999,0.436172
0.23799999999999993,0.49478800000000006
0.31425,0.5292680000000001
0.182,0.512028
0.2795,0.444792
0.2708749999999999,0.427552
0.20024999999999998,0.45341200000000004
0.24837499999999996,0.462032
0.28987499999999994,0.47927200000000003
0.22274999999999995,0.5206480000000001
0.17337499999999995,0.45341200000000004
0.196625,0.462032
0.21725,0.47927200000000003
0.26599999999999996,0.444792
0.29712500000000003,0.444792
0.34225,0.436172
0.338,0.49478800000000006
0.23312499999999997,0.470652
0.26424999999999993,0.47927200000000003
0.28124999999999994,0.427552
0.20699999999999996,0.470652
0.10762499999999997,0.38617599999999996
0.34225,0.512028
0.188,0.49478800000000006
0.19049999999999995,0.427552
0.253875,0.49478800000000006
0.22762500000000002,0.427552
0.20449999999999996,0.49478800000000006
0.29524999999999996,0.48616800000000004
0.17224999999999996,0.48616800000000004
0.25199999999999995,0.470652
0.341625,0.49478800000000006
0.24712499999999998,0.47927200000000003
0.298375,0.41203599999999996
0.26662499999999995,0.462032
0.302625,0.45341200000000004
0.22162500000000002,0.5206480000000001
0.309375,0.470652
0.23737499999999995,0.462032
0.341625,0.5034080000000001
0.291,0.3603159999999999
0.319625,0.47927200000000003
0.23499999999999993,0.470652
0.26975,0.5292680000000001
0.23499999999999993,0.45341200000000004
0.20999999999999996,0.444792
0.23249999999999998,0.5034080000000001
0.34225,0.48616800000000004
0.338625,0.462032
0.2655,0.5534039999999999
0.22525,0.444792
0.270375,0.38617599999999996
0.17337499999999995,0.5378879999999999
0.19537499999999997,0.470652
0.26424999999999993,0.462032
0.231875,0.462032
0.3147499999999999,0.48616800000000004
0.21549999999999997,0.470652
0.167375,0.470652
0.10462499999999997,0.49478800000000006
0.27699999999999997,0.5206480000000001
0.17224999999999996,0.5034080000000001
0.17462499999999997,0.37755599999999995
0.24962499999999993,0.462032
0.299,0.5206480000000001
0.17774999999999996,0.444792
0.28375,0.444792
0.3403749999999999,0.41203599999999996
0.287375,0.462032
0.13687499999999997,0.47927200000000003
0.28862499999999996,0.47927200000000003
0.27699999999999997,0.436172
0.27462499999999995,0.436172
0.127125,0.5034080000000001
0.29775,0.47927200000000003
0.253875,0.512028
0.23312499999999997,0.41893199999999997
0.21062499999999995,0.48616800000000004
0.301375,0.47927200000000003
0.32574999999999993,0.5034080000000001
0.23625000000000002,0.5034080000000001
0.20637499999999998,0.47927200000000003
0.26662499999999995,0.403416
0.24112499999999998,0.462032
0.27524999999999994,0.5034080000000001
0.21787499999999999,0.47927200000000003
0.24599999999999994,0.462032
0.23437499999999994,0.444792
0.18687499999999996,0.427552
0.22525,0.444792
0.264875,0.470652
0.16674999999999995,0.5034080000000001
0.19287499999999996,0.5034080000000001
0.225875,0.462032
0.288,0.427552
0.23562499999999992,0.394796
0.285,0.444792
0.19237499999999996,0.436172
0.17287499999999995,0.470652
0.286125,0.48616800000000004
0.18687499999999996,0.436172
0.225875,0.512028
0.30687499999999995,0.5465079999999999
0.24837499999999996,0.5292680000000001
0.196625,0.403416
0.334875,0.48616800000000004
0.22162500000000002,0.5292680000000001
0.24537499999999995,0.5034080000000001
0.24225000000000002,0.462032
0.270375,0.470652
0.30687499999999995,0.5034080000000001
0.188,0.48616800000000004
0.21974999999999995,0.462032
0.09299999999999997,0.47927200000000003
0.19724999999999998,0.47927200000000003
0.24962499999999993,0.5034080000000001
0.20024999999999998,0.444792
0.164875,0.462032
0.25137499999999996,0.470652
0.16674999999999995,0.48616800000000004
0.2715,0.49478800000000006
0.299625,0.444792
0.191125,0.444792
0.28675,0.45341200000000004
0.20512499999999995,0.5534039999999999
0.17824999999999996,0.427552
0.27575,0.462032
0.26724999999999993,0.41893199999999997
0.12899999999999995,0.462032
0.2795,0.462032
0.19774999999999998,0.49478800000000006
0.21125,0.444792
0.228875,0.512028
0.26237499999999997,0.444792
0.22462500000000002,0.47927200000000003
0.328875,0.436172
0.21675,0.470652
0.26724999999999993,0.5034080000000001
0.199625,0.5534039999999999
0.20749999999999996,0.45341200000000004
0.242875,0.41203599999999996
0.23562499999999992,0.48616800000000004
0.23437499999999994,0.512028
0.2435,0.436172
0.21187499999999998,0.48616800000000004
0.2715,0.47927200000000003
0.33249999999999996,0.462032
0.20449999999999996,0.5292680000000001
0.15087499999999998,0.436172
0.32825,0.45341200000000004
0.15449999999999997,0.49478800000000006
0.264875,0.470652
0.121,0.462032
0.22525,0.47927200000000003
0.34225,0.462032
0.182,0.427552
0.2532499999999999,0.41893199999999997
0.27824999999999994,0.462032
0.34225,0.5292680000000001
0.14299999999999996,0.470652
0.17337499999999995,0.512028
0.22037499999999993,0.41203599999999996
0.30449999999999994,0.5206480000000001
0.14849999999999997,0.5292680000000001
0.2532499999999999,0.512028
0.26599999999999996,0.47927200000000003
0.26662499999999995,0.427552
0.30987499999999996,0.462032
0.18562499999999998,0.444792
0.250875,0.45341200000000004
0.32212499999999994,0.47927200000000003
0.258125,0.5378879999999999
0.2532499999999999,0.444792
0.32449999999999996,0.45341200000000004
0.34225,0.512028
0.2824999999999999,0.47927200000000003
0.27699999999999997,0.49478800000000006
0.2708749999999999,0.5378879999999999
0.291,0.403416
0.34225,0.45341200000000004
0.28862499999999996,0.45341200000000004
0.286125,0.5378879999999999
0.25025000000000003,0.462032
0.21912499999999996,0.394796
0.228875,0.436172
0.24162499999999992,0.49478800000000006
0.188625,0.36893599999999993
0.23674999999999996,0.38617599999999996
0.30987499999999996,0.5034080000000001
0.15575,0.470652
0.26175,0.47927200000000003
0.324,0.470652
0.31112499999999993,0.427552
0.341625,0.45341200000000004
0.24712499999999998,0.436172
0.26975,0.47927200000000003
0.18987499999999996,0.49478800000000006
0.17462499999999997,0.462032
0.27699999999999997,0.462032
0.11437499999999995,0.436172
0.23374999999999996,0.462032
0.341625,0.427552
0.29775,0.436172
0.290375,0.444792
0.250875,0.49478800000000006
0.287375,0.5206480000000001
0.30749999999999994,0.45341200000000004
0.31049999999999994,0.436172
0.34225,0.5034080000000001
0.21425,0.48616800000000004
0.21362499999999995,0.427552
0.34225,0.427552
0.33,0.5378879999999999
0.185,0.512028
0.22399999999999992,0.41203599999999996
0.29649999999999993,0.5378879999999999
0.21912499999999996,0.47927200000000003
0.19599999999999995,0.41203599999999996
0.25937499999999997,0.45341200000000004
0.29649999999999993,0.5292680000000001
0.2465,0.470652
0.319625,0.470652
0.341625,0.48616800000000004
0.047874999999999945,0.462032
0.23862499999999992,0.41203599999999996
0.27575,0.470652
0.11124999999999996,0.470652
0.20812499999999995,0.38617599999999996
0.261125,0.48616800000000004
0.21487499999999998,0.436172
0.16974999999999996,0.45341200000000004
0.30324999999999996,0.470652
0.34225,0.47927200000000003
0.24537499999999995,0.436172
0.24162499999999992,0.462032
0.22525,0.5034080000000001
0.21125,0.444792
0.283125,0.49478800000000006
0.34225,0.5378879999999999
0.28987499999999994,0.427552
0.23925000000000002,0.512028
0.20575,0.470652
0.28187499999999993,0.41893199999999997
0.25199999999999995,0.436172
0.21187499999999998,0.48616800000000004
0.24712499999999998,0.470652
0.24162499999999992,0.47927200000000003
0.19237499999999996,0.436172
0.31787499999999996,0.5206480000000001
0.29475,0.49478800000000006
0.22162500000000002,0.436172
0.26299999999999996,0.5292680000000001
0.19049999999999995,0.47927200000000003
0.13499999999999995,0.462032
0.34225,0.47927200000000003
0.20512499999999995,0.45341200000000004
0.291,0.45341200000000004
0.19474999999999998,0.462032
0.228875,0.47927200000000003
0.18924999999999997,0.512028
0.194125,0.427552
0.32149999999999995,0.47927200000000003
0.23925000000000002,0.45341200000000004
0.11124999999999996,0.48616800000000004
0.2545,0.427552
0.15824999999999995,0.462032
0.20637499999999998,0.47927200000000003
0.34225,0.462032
0.26062499999999994,0.47927200000000003
0.33912499999999995,0.47927200000000003
0.18262499999999998,0.45341200000000004
0.22462500000000002,0.444792
0.2795,0.562024
0.23249999999999998,0.45341200000000004
0.2435,0.462032
0.20024999999999998,0.427552
0.21612499999999996,0.49478800000000006
0.34225,0.403416
0.20937499999999998,0.427552
0.26362499999999994,0.5034080000000001
0.21362499999999995,0.462032
0.25575,0.436172
0.188625,0.5034080000000001
0.27762499999999996,0.444792
0.22762500000000002,0.45341200000000004
0.14962499999999995,0.5034080000000001
0.21125,0.427552
0.29712500000000003,0.436172
0.09724999999999995,0.470652
0.269125,0.48616800000000004
0.18374999999999997,0.5034080000000001
0.28924999999999995,0.444792
0.14662499999999995,0.45341200000000004
0.12524999999999997,0.49478800000000006
0.29712500000000003,0.5034080000000001
0.20699999999999996,0.5465079999999999
0.34225,0.470652
0.26175,0.470652
0.23562499999999992,0.47927200000000003
0.272125,0.5378879999999999
0.34225,0.462032
0.25937499999999997,0.436172
0.24537499999999995,0.403416
0.324,0.427552
0.2678749999999999,0.48616800000000004
0.22525,0.5034080000000001
0.33312499999999995,0.427552
0.22337499999999993,0.47927200000000003
0.330625,0.427552
0.34225,0.436172
0.18012499999999998,0.436172
0.32825,0.5034080000000001
0.19724999999999998,0.462032
0.18137499999999995,0.47927200000000003
0.239875,0.49478800000000006
0.31912499999999994,0.5378879999999999
0.31849999999999995,0.49478800000000006
0.26724999999999993,0.436172
0.25199999999999995,0.5034080000000001
0.16912499999999997,0.41893199999999997
0.33912499999999995,0.41893199999999997
0.21125,0.5206480000000001
0.22762500000000002,0.5534039999999999
0.17224999999999996,0.462032
0.34225,0.5292680000000001
0.33612499999999995,0.47927200000000003
0.34225,0.47927200000000003
0.34225,0.462032
0.09662499999999996,0.470652
0.20149999999999996,0.444792
0.331875,0.5034080000000001
0.23799999999999993,0.48616800000000004
0.22699999999999992,0.41893199999999997
0.08449999999999996,0.45341200000000004
0.2824999999999999,0.45341200000000004
0.25137499999999996,0.5034080000000001
0.2795,0.5034080000000001
0.25575,0.470652
0.28987499999999994,0.49478800000000006
0.29775,0.470652
0.34225,0.436172
0.22274999999999995,0.470652
0.22212499999999996,0.436172
0.17162499999999997,0.45341200000000004
0.17224999999999996,0.47927200000000003
0.19237499999999996,0.41203599999999996
0.17462499999999997,0.427552
0.283125,0.47927200000000003
0.2405,0.41203599999999996
0.194125,0.436172
0.294125,0.462032
0.34225,0.462032
0.2934999999999999,0.5206480000000001
0.22337499999999993,0.444792
0.299,0.41203599999999996
0.341625,0.5034080000000001
0.319625,0.45341200000000004
0.21362499999999995,0.462032
0.22037499999999993,0.41203599999999996
0.34225,0.512028
0.26062499999999994,0.38617599999999996
0.19174999999999998,0.5292680000000001
0.24474999999999997,0.49478800000000006
0.3147499999999999,0.470652
0.20149999999999996,0.48616800000000004
0.22037499999999993,0.47927200000000003
0.33312499999999995,0.41893199999999997
0.2795,0.49478800000000006
0.239875,0.403416
0.272125,0.5034080000000001
0.22399999999999992,0.462032
0.3293749999999999,0.436172
0.130125,0.41203599999999996
0.33425,0.47927200000000003
0.20637499999999998,0.5206480000000001
0.106375,0.49478800000000006
0.258125,0.47927200000000003
0.239875,0.48616800000000004
0.32087499999999997,0.462032
0.24162499999999992,0.5034080000000001
0.21787499999999999,0.38617599999999996
0.24537499999999995,0.512028
0.20875,0.5378879999999999
0.24537499999999995,0.403416
0.34225,0.45341200000000004
0.18624999999999997,0.444792
0.18374999999999997,0.48616800000000004
0.31049999999999994,0.462032
0.20575,0.5034080000000001
0.23862499999999992,0.444792
0.286125,0.47927200000000003
0.301375,0.427552
0.15337499999999998,0.5034080000000001
0.22337499999999993,0.47927200000000003
0.287375,0.48616800000000004
0.20387499999999997,0.512028
0.30749999999999994,0.37755599999999995
0.19774999999999998,0.436172
0.25999999999999995,0.5034080000000001
0.3081249999999999,0.41203599999999996
0.34225,0.462032
0.32025,0.5292680000000001
0.250875,0.48616800000000004
0.287375,0.394796
0.272125,0.49478800000000006
0.29587499999999994,0.5292680000000001
0.29587499999999994,0.444792
0.20024999999999998,0.436172
0.2545,0.49478800000000006
0.299625,0.444792
0.30075,0.462032
0.18012499999999998,0.436172
0.23562499999999992,0.5378879999999999
0.22699999999999992,0.48616800000000004
0.29587499999999994,0.436172
0.30987499999999996,0.49478800000000006
0.19537499999999997,0.5034080000000001
0.21237499999999998,0.41203599999999996
0.23499999999999993,0.470652
0.33612499999999995,0.470652
0.21425,0.49478800000000006
0.33,0.470652
0.22699999999999992,0.45341200000000004
0.2824999999999999,0.462032
0.21425,0.470652
0.258125,0.444792
0.290375,0.5292680000000001
0.2532499999999999,0.470652
0.34225,0.47927200000000003
0.29475,0.562024
0.27762499999999996,0.5034080000000001
0.25999999999999995,0.41893199999999997
0.25262499999999993,0.512028
0.22212499999999996,0.5292680000000001
0.285,0.47927200000000003
0.31725,0.444792
0.256875,0.3516959999999999
0.159375,0.5034080000000001
0.25937499999999997,0.38617599999999996
0.258125,0.47927200000000003
0.23374999999999996,0.5034080000000001
0.34225,0.444792
0.25199999999999995,0.5034080000000001
0.20637499999999998,0.41203599999999996
0.34225,0.470652
0.22212499999999996,0.45341200000000004
0.29587499999999994,0.37755599999999995
0.21237499999999998,0.462032
0.264875,0.37755599999999995
0.27275,0.41203599999999996
0.22274999999999995,0.512028
0.17712499999999998,0.470652
0.273375,0.48616800000000004
0.19349999999999995,0.436172
0.27462499999999995,0.45341200000000004
0.14849999999999997,0.41203599999999996
0.26599999999999996,0.444792
0.17524999999999996,0.462032
0.23374999999999996,0.427552
0.24712499999999998,0.5206480000000001
0.21675,0.470652
0.21187499999999998,0.444792
0.33374999999999994,0.49478800000000006
0.18137499999999995,0.444792
0.28987499999999994,0.462032
0.27275,0.45341200000000004
0.26362499999999994,0.49478800000000006
0.25875,0.45341200000000004
0.24112499999999998,0.462032
0.27824999999999994,0.462032
0.21849999999999997,0.5378879999999999
0.18687499999999996,0.470652
0.182,0.436172
0.287375,0.47927200000000003
0.34225,0.5378879999999999
0.27699999999999997,0.436172
0.30387499999999995,0.436172
0.30449999999999994,0.512028
0.22037499999999993,0.41203599999999996
0.2465,0.47927200000000003
0.33125,0.5034080000000001
0.327625,0.5034080000000001
0.34225,0.444792
0.23737499999999995,0.5034080000000001
0.23249999999999998,0.403416
0.29475,0.5034080000000001
0.23862499999999992,0.41203599999999996
0.34225,0.49478800000000006
0.202125,0.41203599999999996
0.34225,0.45341200000000004
0.20387499999999997,0.45341200000000004
0.18262499999999998,0.47927200000000003
0.16424999999999995,0.462032
0.20875,0.47927200000000003
0.327,0.49478800000000006
0.14725,0.47927200000000003
0.2435,0.48616800000000004
0.272125,0.49478800000000006
0.202125,0.462032
0.16849999999999998,0.462032
0.34225,0.49478800000000006
0.273375,0.512028
0.11374999999999996,0.5206480000000001
0.23499999999999993,0.436172
0.26975,0.48616800000000004
0.2655,0.47927200000000003
0.30875,0.45341200000000004
0.31725,0.49478800000000006
0.26237499999999997,0.47927200000000003
0.2545,0.5378879999999999
0.258125,0.38617599999999996
0.32449999999999996,0.49478800000000006
0.202625,0.462032
0.29587499999999994,0.47927200000000003
0.24112499999999998,0.5034080000000001
0.27699999999999997,0.512028
0.20875,0.47927200000000003
