0.24412499999999998,0.5378879999999999
0.34225,0.5378879999999999
0.301375,0.5378879999999999
0.34225,0.5378879999999999
0.34225,0.5378879999999999
0.34225,0.5378879999999999
0.21787499999999999,0.5378879999999999
0.34225,0.5792639999999999
0.22212499999999996,0.45341200000000004
0.34225,0.5206480000000001
0.20749999999999996,0.5034080000000001
0.341625,0.5534039999999999
0.27575,0.587884
0.25137499999999996,0.47927200000000003
0.34225,0.6292599999999999
0.34225,0.5792639999999999
0.34225,0.436172
0.26724999999999993,0.5292680000000001
0.3001249999999999,0.5792639999999999
0.334875,0.65512
0.34225,0.5792639999999999
0.291,0.587884
0.28187499999999993,0.5034080000000001
0.24162499999999992,0.5706439999999999
0.34225,0.613744
0.23925000000000002,0.5292680000000001
0.34225,0.512028
0.34225,0.6465
0.19174999999999998,0.5206480000000001
0.34225,0.5378879999999999
0.20512499999999995,0.6723600000000001
0.28062499999999996,0.605124
0.34225,0.5465079999999999
0.34225,0.5465079999999999
0.34225,0.5378879999999999
0.25199999999999995,0.5706439999999999
0.25137499999999996,0.5534039999999999
0.2795,0.5206480000000001
0.24599999999999994,0.5378879999999999
0.276375,0.5534039999999999
0.34225,0.5706439999999999
0.3001249999999999,0.5378879999999999
0.19349999999999995,0.5534039999999999
0.24474999999999997,0.605124
0.341625,0.5034080000000001
0.270375,0.5706439999999999
0.299,0.613744
0.26175,0.5706439999999999
0.305,0.5706439999999999
0.30624999999999997,0.512028
0.27575,0.5534039999999999
0.34225,0.48616800000000004
0.34225,0.6292599999999999
0.13987499999999997,0.5706439999999999
0.32149999999999995,0.512028
0.21299999999999997,0.605124
0.34225,0.47927200000000003
0.302625,0.5206480000000001
0.2465,0.5534039999999999
0.30449999999999994,0.5206480000000001
0.22762500000000002,0.65512
0.313625,0.5792639999999999
0.0595,0.5292680000000001
0.3373749999999999,0.5465079999999999
0.2824999999999999,0.5792639999999999
0.31112499999999993,0.47927200000000003
0.30387499999999995,0.6292599999999999
0.14237499999999997,0.5034080000000001
0.30749999999999994,0.5034080000000001
0.276375,0.6292599999999999
0.31112499999999993,0.605124
0.24962499999999993,0.5292680000000001
0.23074999999999996,0.613744
0.15149999999999997,0.5534039999999999
0.2934999999999999,0.605124
0.24225000000000002,0.5465079999999999
0.34225,0.587884
0.309375,0.5034080000000001
0.34225,0.65512
0.18374999999999997,0.6292599999999999
0.26599999999999996,0.562024
0.341625,0.68098
0.32025,0.5534039999999999
0.242875,0.62064
0.21787499999999999,0.47927200000000003
0.28187499999999993,0.462032
0.341625,0.6292599999999999
0.34225,0.65512
0.34225,0.5792639999999999
0.28987499999999994,0.427552
0.20149999999999996,0.5792639999999999
0.315375,0.5792639999999999
0.17224999999999996,0.5965039999999999
0.34225,0.47927200000000003
0.34225,0.5534039999999999
0.284375,0.5534039999999999
0.34225,0.613744
0.34225,0.5534039999999999
0.21849999999999997,0.5792639999999999
0.26975,0.5292680000000001
0.34225,0.6465
0.28124999999999994,0.605124
0.34225,0.470652
0.34225,0.5706439999999999
0.331875,0.5465079999999999
0.34225,0.5706439999999999
0.30749999999999994,0.5534039999999999
0.34225,0.5034080000000001
0.16912499999999997,0.5034080000000001
0.22399999999999992,0.5792639999999999
0.14362499999999995,0.512028
0.34225,0.5292680000000001
0.34225,0.5965039999999999
0.34225,0.34479999999999994
0.34225,0.587884
0.30875,0.5292680000000001
0.34225,0.5534039999999999
0.09362499999999996,0.5034080000000001
0.21062499999999995,0.5792639999999999
0.258125,0.5792639999999999
0.23737499999999995,0.49478800000000006
0.34225,0.605124
0.29524999999999996,0.5534039999999999
0.31912499999999994,0.5706439999999999
0.34225,0.5034080000000001
0.34225,0.5534039999999999
0.34225,0.47927200000000003
0.34225,0.605124
0.34225,0.47927200000000003
0.264875,0.6292599999999999
0.28987499999999994,0.562024
0.25937499999999997,0.5534039999999999
0.20449999999999996,0.45341200000000004
0.34225,0.5206480000000001
0.285,0.512028
0.18374999999999997,0.45341200000000004
0.280125,0.63788
0.34225,0.5792639999999999
0.185,0.5465079999999999
0.3147499999999999,0.562024
0.291,0.65512
0.34225,0.6292599999999999
0.34225,0.5034080000000001
0.22037499999999993,0.63788
0.27824999999999994,0.587884
0.21299999999999997,0.62064
0.28675,0.5534039999999999
0.34225,0.5292680000000001
0.34225,0.62064
0.34225,0.427552
0.34225,0.5706439999999999
0.34225,0.687876
0.18012499999999998,0.512028
0.334875,0.5534039999999999
0.25937499999999997,0.6292599999999999
0.301375,0.605124
0.34225,0.5378879999999999
0.34225,0.605124
0.324,0.48616800000000004
0.10512499999999997,0.5706439999999999
0.21062499999999995,0.5378879999999999
0.16974999999999996,0.5706439999999999
0.30387499999999995,0.5792639999999999
0.299,0.5465079999999999
0.34225,0.605124
0.15025,0.5034080000000001
0.20699999999999996,0.5465079999999999
0.2824999999999999,0.5034080000000001
0.26662499999999995,0.5534039999999999
0.34225,0.562024
0.30387499999999995,0.5965039999999999
0.29475,0.403416
0.34225,0.587884
0.34225,0.587884
0.26299999999999996,0.41893199999999997
0.34225,0.5292680000000001
0.2824999999999999,0.562024
0.312375,0.38617599999999996
0.23562499999999992,0.49478800000000006
0.34225,0.5792639999999999
0.299625,0.5534039999999999
0.34225,0.62064
0.14725,0.47927200000000003
0.34225,0.5292680000000001
0.34225,0.63788
0.09974999999999995,0.512028
0.34225,0.41203599999999996
0.11862499999999998,0.5792639999999999
0.22037499999999993,0.470652
0.34225,0.5965039999999999
0.26299999999999996,0.562024
0.34225,0.5965039999999999
0.194125,0.512028
0.10024999999999995,0.587884
0.34225,0.613744
0.26062499999999994,0.605124
0.32825,0.5292680000000001
0.34225,0.587884
0.2685,0.5465079999999999
0.34225,0.5034080000000001
0.270375,0.403416
0.269125,0.6292599999999999
0.19537499999999997,0.5465079999999999
0.34225,0.5378879999999999
0.3147499999999999,0.5292680000000001
0.34225,0.5706439999999999
0.2934999999999999,0.5378879999999999
0.2715,0.5534039999999999
0.34225,0.62064
0.31725,0.5034080000000001
0.33125,0.444792
0.29475,0.5465079999999999
0.22462500000000002,0.5792639999999999
0.34225,0.5792639999999999
0.17587499999999995,0.562024
0.26975,0.562024
0.27887499999999993,0.68098
0.28124999999999994,0.5534039999999999
0.21612499999999996,0.5706439999999999
0.34225,0.470652
0.22162500000000002,0.605124
0.19774999999999998,0.47927200000000003
0.32212499999999994,0.587884
0.27575,0.7051160000000001
0.16799999999999998,0.5206480000000001
0.23737499999999995,0.462032
0.326375,0.5706439999999999
0.34225,0.587884
0.2854999999999999,0.6292599999999999
0.34225,0.5792639999999999
0.34225,0.512028
0.34225,0.562024
0.34225,0.5792639999999999
0.12462499999999999,0.427552
0.18137499999999995,0.512028
0.34225,0.5792639999999999
0.34225,0.5465079999999999
0.27824999999999994,0.38617599999999996
0.27524999999999994,0.613744
0.32574999999999993,0.49478800000000006
0.29649999999999993,0.5706439999999999
0.25999999999999995,0.62064
0.316,0.587884
0.28924999999999995,0.436172
0.23625000000000002,0.47927200000000003
0.34225,0.5965039999999999
0.34225,0.47927200000000003
0.191125,0.47927200000000003
0.34225,0.6292599999999999
0.299,0.5034080000000001
0.3147499999999999,0.47927200000000003
0.328875,0.587884
0.18074999999999997,0.5292680000000001
0.27699999999999997,0.5378879999999999
0.34225,0.6292599999999999
0.34225,0.436172
0.26299999999999996,0.45341200000000004
0.269125,0.5534039999999999
0.10212499999999997,0.47927200000000003
0.33974999999999994,0.5034080000000001
0.22762500000000002,0.5792639999999999
0.29224999999999995,0.5034080000000001
0.334875,0.5534039999999999
0.28924999999999995,0.5034080000000001
0.301375,0.5534039999999999
0.33249999999999996,0.562024
0.299,0.49478800000000006
0.34225,0.6292599999999999
0.34225,0.5706439999999999
0.250875,0.47927200000000003
0.26599999999999996,0.5206480000000001
0.31112499999999993,0.562024
0.34225,0.5965039999999999
0.10087499999999999,0.5965039999999999
0.31112499999999993,0.470652
0.34225,0.62064
0.31912499999999994,0.5465079999999999
0.34225,0.5792639999999999
0.28924999999999995,0.3361799999999999
0.34225,0.5534039999999999
0.34225,0.47927200000000003
0.34225,0.5465079999999999
0.291,0.5465079999999999
0.24899999999999994,0.5292680000000001
0.34225,0.587884
0.26724999999999993,0.605124
0.29775,0.5792639999999999
0.11737499999999995,0.605124
0.33,0.613744
0.341625,0.587884
0.13749999999999996,0.49478800000000006
0.27399999999999997,0.6465
0.34225,0.613744
0.338625,0.38617599999999996
0.29162499999999997,0.7051160000000001
0.24412499999999998,0.5792639999999999
0.34225,0.5965039999999999
0.291,0.5465079999999999
0.34225,0.436172
0.34225,0.462032
0.15449999999999997,0.587884
0.34225,0.5034080000000001
0.34225,0.587884
0.32149999999999995,0.5034080000000001
0.23562499999999992,0.5206480000000001
0.34225,0.62064
0.34225,0.5465079999999999
0.20149999999999996,0.462032
0.34225,0.562024
0.280125,0.68098
0.34225,0.5792639999999999
0.34225,0.5206480000000001
0.23799999999999993,0.687876
0.20449999999999996,0.5292680000000001
0.30387499999999995,0.5965039999999999
0.327,0.6292599999999999
0.09662499999999996,0.5465079999999999
0.34225,0.470652
0.2715,0.5534039999999999
0.34225,0.613744
0.34225,0.49478800000000006
0.34225,0.47927200000000003
0.2708749999999999,0.5792639999999999
0.2934999999999999,0.5534039999999999
0.27275,0.48616800000000004
0.32825,0.5465079999999999
0.316,0.5465079999999999
0.34225,0.5792639999999999
0.312375,0.5792639999999999
0.2655,0.48616800000000004
0.288,0.48616800000000004
0.34225,0.587884
0.34225,0.436172
0.16249999999999998,0.47927200000000003
0.34225,0.5965039999999999
0.32825,0.5292680000000001
0.34225,0.6292599999999999
0.24112499999999998,0.5792639999999999
0.26299999999999996,0.427552
0.34225,0.5206480000000001
0.34225,0.605124
0.319625,0.6292599999999999
0.20387499999999997,0.49478800000000006
0.34225,0.605124
0.34225,0.5292680000000001
0.34225,0.613744
0.34225,0.562024
0.18012499999999998,0.5034080000000001
0.34225,0.605124
0.299,0.512028
0.34225,0.65512
0.24599999999999994,0.6292599999999999
0.22337499999999993,0.562024
0.33249999999999996,0.5206480000000001
0.06987499999999996,0.613744
0.23374999999999996,0.436172
0.15387499999999998,0.49478800000000006
0.34225,0.5292680000000001
0.34225,0.6465
0.34225,0.613744
0.2824999999999999,0.5706439999999999
0.15212499999999995,0.5292680000000001
0.231875,0.5206480000000001
0.316,0.5534039999999999
0.26599999999999996,0.5378879999999999
0.044249999999999956,0.41893199999999997
0.18262499999999998,0.5292680000000001
0.31049999999999994,0.613744
0.34225,0.5792639999999999
0.33549999999999996,0.41893199999999997
0.34225,0.605124
0.270375,0.512028
0.34225,0.5706439999999999
0.19287499999999996,0.5792639999999999
0.20875,0.5292680000000001
0.286125,0.6465
0.14787499999999998,0.5034080000000001
0.25199999999999995,0.5706439999999999
0.15512499999999996,0.512028
0.27824999999999994,0.605124
0.30987499999999996,0.5706439999999999
0.34225,0.5034080000000001
0.34225,0.49478800000000006
0.327625,0.5034080000000001
0.313625,0.587884
0.16612499999999997,0.5534039999999999
0.24899999999999994,0.436172
0.280125,0.5706439999999999
0.27699999999999997,0.5534039999999999
0.2795,0.5792639999999999
0.31912499999999994,0.49478800000000006
0.34225,0.5206480000000001
0.341625,0.5465079999999999
0.242875,0.5534039999999999
0.34225,0.66374
0.18012499999999998,0.48616800000000004
0.34225,0.5965039999999999
0.2435,0.587884
0.34225,0.512028
0.258125,0.6292599999999999
0.2685,0.605124
0.3147499999999999,0.63788
0.18012499999999998,0.562024
0.138125,0.5706439999999999
0.28862499999999996,0.613744
0.34225,0.605124
0.34225,0.5965039999999999
0.34225,0.613744
0.14049999999999996,0.5534039999999999
0.34225,0.47927200000000003
0.34225,0.6292599999999999
0.34225,0.5534039999999999
0.34225,0.63788
0.26175,0.48616800000000004
0.32025,0.462032
0.34225,0.7309760000000001
0.09237499999999998,0.605124
0.341,0.462032
0.34225,0.6292599999999999
0.19899999999999995,0.5034080000000001
0.34225,0.5292680000000001
0.34225,0.462032
0.34225,0.5465079999999999
0.22274999999999995,0.5534039999999999
0.34225,0.5706439999999999
0.188625,0.587884
0.28987499999999994,0.5292680000000001
0.34225,0.5706439999999999
0.24112499999999998,0.5378879999999999
0.25262499999999993,0.605124
0.34225,0.49478800000000006
0.25025000000000003,0.5965039999999999
0.25262499999999993,0.587884
0.23074999999999996,0.5534039999999999
0.34225,0.5378879999999999
0.331875,0.5534039999999999
0.27462499999999995,0.41203599999999996
0.34225,0.605124
0.25937499999999997,0.5034080000000001
0.19287499999999996,0.38617599999999996
0.316625,0.6292599999999999
0.26062499999999994,0.587884
0.18437499999999996,0.5706439999999999
0.16124999999999995,0.62064
0.33249999999999996,0.5706439999999999
0.272125,0.5378879999999999
0.34225,0.47927200000000003
0.34225,0.470652
0.17824999999999996,0.65512
0.33249999999999996,0.5792639999999999
0.34225,0.562024
-0.027000000000000024,0.605124
0.19287499999999996,0.403416
0.328875,0.5292680000000001
0.118,0.5534039999999999
0.28862499999999996,0.462032
0.327625,0.5378879999999999
0.12224999999999997,0.5965039999999999
0.228875,0.5534039999999999
0.315375,0.5792639999999999
0.309375,0.5965039999999999
0.14662499999999995,0.5465079999999999
0.2562499999999999,0.562024
0.34225,0.5465079999999999
0.33974999999999994,0.587884
0.18437499999999996,0.5792639999999999
0.299625,0.5378879999999999
0.31849999999999995,0.65512
0.34225,0.5292680000000001
0.34225,0.47927200000000003
0.34225,0.5965039999999999
0.34225,0.5792639999999999
0.34225,0.5965039999999999
0.323375,0.470652
0.273375,0.49478800000000006
0.34225,0.5792639999999999
0.34225,0.605124
0.305,0.48616800000000004
0.32825,0.63788
0.33612499999999995,0.66374
0.239875,0.5706439999999999
0.22525,0.5465079999999999
0.33974999999999994,0.41203599999999996
0.228875,0.5534039999999999
0.34225,0.5034080000000001
0.13437499999999997,0.5534039999999999
0.34225,0.5534039999999999
0.27462499999999995,0.5378879999999999
0.18437499999999996,0.65512
0.34225,0.5034080000000001
0.27887499999999993,0.5034080000000001
0.34225,0.5706439999999999
0.23312499999999997,0.62064
0.26362499999999994,0.462032
0.31725,0.5706439999999999
0.34225,0.605124
0.18624999999999997,0.65512
0.324,0.5292680000000001
0.19474999999999998,0.5378879999999999
0.29587499999999994,0.5292680000000001
0.34225,0.562024
0.26175,0.5034080000000001
0.34225,0.5534039999999999
0.34225,0.5292680000000001
0.3001249999999999,0.5206480000000001
0.34225,0.5378879999999999
0.17712499999999998,0.5034080000000001
0.23799999999999993,0.5206480000000001
0.3081249999999999,0.605124
0.34225,0.5292680000000001
0.26362499999999994,0.613744
0.21912499999999996,0.5792639999999999
0.15512499999999996,0.470652
0.34225,0.5292680000000001
0.34225,0.5206480000000001
0.27699999999999997,0.613744
0.2678749999999999,0.5792639999999999
0.22274999999999995,0.5034080000000001
0.188,0.63788
0.34225,0.436172
0.32825,0.5206480000000001
0.34225,0.5465079999999999
0.26362499999999994,0.5465079999999999
0.19174999999999998,0.5706439999999999
0.34225,0.605124
0.32087499999999997,0.587884
0.31849999999999995,0.49478800000000006
0.34225,0.48616800000000004
0.24225000000000002,0.605124
0.22462500000000002,0.5292680000000001
0.34225,0.45341200000000004
0.299,0.5534039999999999
0.170375,0.470652
0.32449999999999996,0.587884
0.34225,0.48616800000000004
0.273375,0.47927200000000003
0.34225,0.49478800000000006
0.34225,0.587884
0.14849999999999997,0.605124
0.27762499999999996,0.5534039999999999
0.34225,0.5206480000000001
0.13137499999999996,0.613744
0.341625,0.5465079999999999
0.32149999999999995,0.605124
0.23925000000000002,0.5378879999999999
0.2824999999999999,0.47927200000000003
0.26724999999999993,0.5965039999999999
0.27824999999999994,0.512028
0.34225,0.5965039999999999
0.33249999999999996,0.462032
0.23737499999999995,0.65512
0.34225,0.470652
0.34225,0.5534039999999999
0.34225,0.47927200000000003
0.34225,0.470652
0.33974999999999994,0.5378879999999999
0.34225,0.5378879999999999
0.264875,0.512028
0.30324999999999996,0.587884
0.326375,0.47927200000000003
0.24225000000000002,0.5792639999999999
0.191125,0.3516959999999999
0.32449999999999996,0.6292599999999999
0.27399999999999997,0.47927200000000003
0.34225,0.6292599999999999
0.34225,0.6465
0.23737499999999995,0.5534039999999999
0.34225,0.605124
0.34225,0.587884
0.276375,0.512028
0.34225,0.5378879999999999
0.34225,0.512028
0.24599999999999994,0.68098
0.20387499999999997,0.5534039999999999
0.2545,0.5706439999999999
0.13499999999999995,0.47927200000000003
0.34225,0.62064
0.33,0.613744
0.34225,0.5706439999999999
0.34225,0.5378879999999999
0.3293749999999999,0.5706439999999999
0.34225,0.5534039999999999
0.12162499999999998,0.587884
0.17462499999999997,0.5378879999999999
0.34225,0.5292680000000001
0.24537499999999995,0.68098
0.182,0.63788
0.253875,0.5465079999999999
0.22462500000000002,0.5706439999999999
0.15575,0.5292680000000001
0.341625,0.462032
0.242875,0.5378879999999999
0.34225,0.45341200000000004
0.34225,0.587884
0.19774999999999998,0.5792639999999999
0.312375,0.605124
0.26299999999999996,0.7051160000000001
0.338625,0.587884
0.21362499999999995,0.605124
0.34225,0.605124
0.21425,0.5534039999999999
0.23312499999999997,0.512028
0.24112499999999998,0.605124
0.34225,0.587884
0.15149999999999997,0.6465
0.26724999999999993,0.5034080000000001
0.31725,0.394796
0.17224999999999996,0.62064
0.1765,0.605124
0.34225,0.462032
0.34225,0.613744
0.14175,0.5792639999999999
0.29587499999999994,0.470652
0.33312499999999995,0.5292680000000001
0.24474999999999997,0.587884
0.34225,0.444792
0.34225,0.5792639999999999
0.16312499999999996,0.63788
0.17774999999999996,0.5965039999999999
0.2545,0.613744
0.21362499999999995,0.462032
0.10699999999999998,0.5292680000000001
0.32825,0.5292680000000001
0.34225,0.62064
0.269125,0.444792
0.34225,0.49478800000000006
0.34225,0.562024
0.167375,0.49478800000000006
0.298375,0.5534039999999999
0.34225,0.5378879999999999
0.253875,0.605124
0.34225,0.5378879999999999
0.26599999999999996,0.605124
0.34225,0.63788
0.34225,0.562024
0.34225,0.512028
0.23074999999999996,0.587884
0.26599999999999996,0.444792
0.330625,0.5706439999999999
0.21362499999999995,0.68098
0.2824999999999999,0.5465079999999999
0.327625,0.5292680000000001
0.17099999999999999,0.5034080000000001
0.34225,0.5965039999999999
0.34225,0.512028
0.27575,0.462032
0.21787499999999999,0.6292599999999999
0.24112499999999998,0.605124
0.34225,0.5792639999999999
0.34225,0.512028
0.2715,0.47927200000000003
0.23437499999999994,0.5534039999999999
0.2708749999999999,0.5034080000000001
0.341625,0.613744
0.22162500000000002,0.48616800000000004
0.2934999999999999,0.462032
0.34225,0.6465
0.285,0.45341200000000004
0.34225,0.5534039999999999
0.2715,0.5965039999999999
0.31112499999999993,0.6292599999999999
0.2795,0.5792639999999999
0.33,0.5534039999999999
0.33312499999999995,0.48616800000000004
0.14537499999999998,0.587884
0.34225,0.5034080000000001
0.33912499999999995,0.562024
0.21787499999999999,0.605124
0.34225,0.5465079999999999
0.25199999999999995,0.5465079999999999
0.31912499999999994,0.613744
0.24899999999999994,0.512028
0.33612499999999995,0.5034080000000001
0.255125,0.45341200000000004
0.23249999999999998,0.7309760000000001
0.20149999999999996,0.5206480000000001
0.34225,0.5292680000000001
0.26299999999999996,0.5792639999999999
0.26237499999999997,0.5292680000000001
0.341625,0.6292599999999999
0.19287499999999996,0.65512
0.22212499999999996,0.605124
0.2854999999999999,0.512028
0.34225,0.47927200000000003
0.34225,0.5965039999999999
0.17287499999999995,0.444792
0.34225,0.5534039999999999
0.24774999999999997,0.5465079999999999
0.34225,0.5534039999999999
0.20812499999999995,0.5792639999999999
0.34225,0.6292599999999999
0.34225,0.5706439999999999
0.24112499999999998,0.5034080000000001
0.34225,0.5706439999999999
0.22825,0.5965039999999999
0.312375,0.5034080000000001
0.34225,0.5534039999999999
0.21549999999999997,0.5534039999999999
0.34225,0.5534039999999999
0.34225,0.5465079999999999
0.2435,0.5206480000000001
0.34225,0.5292680000000001
0.313625,0.5965039999999999
0.34225,0.5965039999999999
0.28675,0.5034080000000001
0.26362499999999994,0.5706439999999999
0.19599999999999995,0.5292680000000001
0.276375,0.47927200000000003
0.24712499999999998,0.5034080000000001
0.34225,0.5534039999999999
