0.01799999999999996,0.015516000000000014
0.01799999999999996,0.024136000000000022
0.01799999999999996,0.024136000000000022
0.020499999999999963,0.015516000000000014
0.02112499999999995,0.015516000000000014
0.02112499999999995,0.015516000000000014
0.017374999999999974,0.015516000000000014
0.019874999999999976,0.015516000000000014
0.01924999999999999,0.024136000000000022
0.02287499999999998,0.024136000000000022
0.020499999999999963,0.024136000000000022
0.019874999999999976,0.015516000000000014
0.020499999999999963,0.024136000000000022
0.01924999999999999,0.024136000000000022
0.019874999999999976,0.024136000000000022
0.02174999999999999,0.015516000000000014
0.02112499999999995,0.015516000000000014
0.01799999999999996,0.024136000000000022
0.01924999999999999,0.024136000000000022
0.023499999999999965,0.024136000000000022
0.013749999999999984,0.015516000000000014
0.01924999999999999,0.015516000000000014
0.01799999999999996,0.024136000000000022
0.02174999999999999,0.024136000000000022
0.02287499999999998,0.024136000000000022
0.02174999999999999,0.015516000000000014
0.016874999999999973,0.015516000000000014
0.01924999999999999,0.024136000000000022
0.016249999999999987,0.015516000000000014
0.019874999999999976,0.015516000000000014
0.02174999999999999,0.024136000000000022
0.02174999999999999,0.024136000000000022
0.02174999999999999,0.015516000000000014
0.02174999999999999,0.015516000000000014
0.02112499999999995,0.015516000000000014
0.01799999999999996,0.015516000000000014
0.02174999999999999,0.024136000000000022
0.020499999999999963,0.024136000000000022
0.019874999999999976,0.015516000000000014
0.018624999999999947,0.024136000000000022
0.016249999999999987,0.024136000000000022
0.018624999999999947,0.024136000000000022
0.023499999999999965,0.015516000000000014
0.02174999999999999,0.024136000000000022
0.015625,0.015516000000000014
0.02174999999999999,0.024136000000000022
0.016874999999999973,0.024136000000000022
0.020499999999999963,0.024136000000000022
0.02112499999999995,0.015516000000000014
0.016249999999999987,0.024136000000000022
0.02174999999999999,0.015516000000000014
0.02112499999999995,0.024136000000000022
0.016249999999999987,0.024136000000000022
0.023499999999999965,0.024136000000000022
0.02112499999999995,0.015516000000000014
0.017374999999999974,0.015516000000000014
0.01799999999999996,0.024136000000000022
0.01799999999999996,0.024136000000000022
0.019874999999999976,0.024136000000000022
0.02112499999999995,0.024136000000000022
0.01924999999999999,0.024136000000000022
0.016874999999999973,0.024136000000000022
0.020499999999999963,0.024136000000000022
0.024124999999999952,0.024136000000000022
0.017374999999999974,0.024136000000000022
0.017374999999999974,0.024136000000000022
0.01799999999999996,0.024136000000000022
0.01924999999999999,0.024136000000000022
0.01924999999999999,0.015516000000000014
0.01924999999999999,0.024136000000000022
0.01924999999999999,0.015516000000000014
0.019874999999999976,0.015516000000000014
0.018624999999999947,0.024136000000000022
0.01924999999999999,0.015516000000000014
0.01924999999999999,0.015516000000000014
0.01924999999999999,0.015516000000000014
0.019874999999999976,0.024136000000000022
0.014999999999999958,0.015516000000000014
0.02287499999999998,0.024136000000000022
0.022249999999999992,0.024136000000000022
0.02287499999999998,0.015516000000000014
0.02174999999999999,0.024136000000000022
0.01924999999999999,0.015516000000000014
0.020499999999999963,0.015516000000000014
0.01924999999999999,0.024136000000000022
0.020499999999999963,0.015516000000000014
0.022249999999999992,0.024136000000000022
0.01924999999999999,0.024136000000000022
0.019874999999999976,0.024136000000000022
0.01799999999999996,0.024136000000000022
0.016874999999999973,0.015516000000000014
0.02287499999999998,0.015516000000000014
0.022249999999999992,0.024136000000000022
0.019874999999999976,0.024136000000000022
0.016249999999999987,0.024136000000000022
0.01924999999999999,0.024136000000000022
0.020499999999999963,0.015516000000000014
0.020499999999999963,0.024136000000000022
0.01799999999999996,0.024136000000000022
0.022249999999999992,0.015516000000000014
0.01799999999999996,0.024136000000000022
0.018624999999999947,0.015516000000000014
0.01799999999999996,0.015516000000000014
0.01924999999999999,0.024136000000000022
0.016874999999999973,0.015516000000000014
0.020499999999999963,0.024136000000000022
0.01924999999999999,0.024136000000000022
0.01799999999999996,0.024136000000000022
0.01799999999999996,0.015516000000000014
0.02112499999999995,0.015516000000000014
0.016874999999999973,0.015516000000000014
0.020499999999999963,0.015516000000000014
0.02112499999999995,0.024136000000000022
0.01799999999999996,0.024136000000000022
0.01924999999999999,0.024136000000000022
0.020499999999999963,0.015516000000000014
0.019874999999999976,0.015516000000000014
0.022249999999999992,0.024136000000000022
0.016874999999999973,0.015516000000000014
0.020499999999999963,0.015516000000000014
0.014999999999999958,0.024136000000000022
0.02287499999999998,0.015516000000000014
0.02174999999999999,0.015516000000000014
0.020499999999999963,0.024136000000000022
0.019874999999999976,0.024136000000000022
0.01799999999999996,0.015516000000000014
0.017374999999999974,0.024136000000000022
0.02112499999999995,0.024136000000000022
0.020499999999999963,0.024136000000000022
0.016249999999999987,0.024136000000000022
0.01924999999999999,0.024136000000000022
0.01924999999999999,0.015516000000000014
0.017374999999999974,0.024136000000000022
0.020499999999999963,0.024136000000000022
0.01924999999999999,0.024136000000000022
0.02287499999999998,0.024136000000000022
0.017374999999999974,0.015516000000000014
0.02174999999999999,0.024136000000000022
0.01799999999999996,0.024136000000000022
0.016249999999999987,0.015516000000000014
0.01924999999999999,0.024136000000000022
0.02112499999999995,0.024136000000000022
0.016249999999999987,0.015516000000000014
0.01924999999999999,0.024136000000000022
0.01924999999999999,0.015516000000000014
0.02112499999999995,0.024136000000000022
0.01924999999999999,0.024136000000000022
0.02287499999999998,0.024136000000000022
0.019874999999999976,0.024136000000000022
0.018624999999999947,0.024136000000000022
0.018624999999999947,0.024136000000000022
0.01799999999999996,0.024136000000000022
0.02112499999999995,0.015516000000000014
0.017374999999999974,0.015516000000000014
0.016249999999999987,0.024136000000000022
0.018624999999999947,0.024136000000000022
0.016874999999999973,0.024136000000000022
0.017374999999999974,0.024136000000000022
0.020499999999999963,0.015516000000000014
0.016249999999999987,0.024136000000000022
0.020499999999999963,0.015516000000000014
0.01924999999999999,0.024136000000000022
0.018624999999999947,0.015516000000000014
0.01924999999999999,0.015516000000000014
0.02174999999999999,0.015516000000000014
0.01924999999999999,0.015516000000000014
0.020499999999999963,0.024136000000000022
0.018624999999999947,0.024136000000000022
0.020499999999999963,0.024136000000000022
0.02174999999999999,0.015516000000000014
0.01924999999999999,0.015516000000000014
0.02174999999999999,0.015516000000000014
0.01924999999999999,0.024136000000000022
0.017374999999999974,0.015516000000000014
0.01799999999999996,0.024136000000000022
0.02112499999999995,0.015516000000000014
0.020499999999999963,0.015516000000000014
0.016874999999999973,0.024136000000000022
0.019874999999999976,0.015516000000000014
0.019874999999999976,0.015516000000000014
0.015625,0.015516000000000014
0.020499999999999963,0.024136000000000022
0.019874999999999976,0.024136000000000022
0.018624999999999947,0.015516000000000014
0.02174999999999999,0.024136000000000022
0.018624999999999947,0.015516000000000014
0.019874999999999976,0.015516000000000014
0.022249999999999992,0.024136000000000022
0.016874999999999973,0.015516000000000014
0.020499999999999963,0.015516000000000014
0.020499999999999963,0.024136000000000022
0.018624999999999947,0.024136000000000022
0.01799999999999996,0.015516000000000014
0.02174999999999999,0.024136000000000022
0.01799999999999996,0.015516000000000014
0.02287499999999998,0.024136000000000022
0.01799999999999996,0.024136000000000022
0.016249999999999987,0.024136000000000022
0.02112499999999995,0.024136000000000022
0.016874999999999973,0.024136000000000022
0.016874999999999973,0.015516000000000014
0.022249999999999992,0.024136000000000022
0.016874999999999973,0.024136000000000022
0.02174999999999999,0.024136000000000022
0.022249999999999992,0.024136000000000022
0.016874999999999973,0.024136000000000022
0.01924999999999999,0.015516000000000014
0.018624999999999947,0.015516000000000014
0.02174999999999999,0.024136000000000022
0.020499999999999963,0.015516000000000014
0.01924999999999999,0.024136000000000022
0.016874999999999973,0.015516000000000014
0.017374999999999974,0.024136000000000022
0.02287499999999998,0.015516000000000014
0.014999999999999958,0.015516000000000014
0.019874999999999976,0.015516000000000014
0.01924999999999999,0.015516000000000014
0.02174999999999999,0.015516000000000014
0.020499999999999963,0.024136000000000022
0.01924999999999999,0.024136000000000022
0.01924999999999999,0.024136000000000022
0.01799999999999996,0.015516000000000014
0.01924999999999999,0.024136000000000022
0.022249999999999992,0.024136000000000022
0.01924999999999999,0.024136000000000022
0.01924999999999999,0.015516000000000014
0.02174999999999999,0.015516000000000014
0.016874999999999973,0.024136000000000022
0.014999999999999958,0.015516000000000014
0.02174999999999999,0.015516000000000014
0.016874999999999973,0.015516000000000014
0.01924999999999999,0.024136000000000022
0.02174999999999999,0.015516000000000014
0.016874999999999973,0.024136000000000022
0.019874999999999976,0.015516000000000014
0.02112499999999995,0.015516000000000014
0.020499999999999963,0.024136000000000022
0.016249999999999987,0.024136000000000022
0.018624999999999947,0.015516000000000014
0.02174999999999999,0.015516000000000014
0.020499999999999963,0.015516000000000014
0.020499999999999963,0.024136000000000022
0.015625,0.024136000000000022
0.01924999999999999,0.015516000000000014
0.020499999999999963,0.024136000000000022
0.020499999999999963,0.015516000000000014
0.017374999999999974,0.024136000000000022
0.01799999999999996,0.024136000000000022
0.020499999999999963,0.024136000000000022
0.016874999999999973,0.015516000000000014
0.017374999999999974,0.015516000000000014
0.018624999999999947,0.015516000000000014
0.01924999999999999,0.024136000000000022
0.024124999999999952,0.024136000000000022
0.01799999999999996,0.024136000000000022
0.020499999999999963,0.015516000000000014
0.02112499999999995,0.024136000000000022
0.018624999999999947,0.024136000000000022
0.019874999999999976,0.024136000000000022
0.016874999999999973,0.015516000000000014
0.01924999999999999,0.015516000000000014
0.018624999999999947,0.015516000000000014
0.01924999999999999,0.024136000000000022
0.016249999999999987,0.024136000000000022
0.02174999999999999,0.015516000000000014
0.02537499999999998,0.015516000000000014
0.016874999999999973,0.015516000000000014
0.01924999999999999,0.024136000000000022
0.02112499999999995,0.024136000000000022
0.017374999999999974,0.024136000000000022
0.020499999999999963,0.015516000000000014
0.02112499999999995,0.024136000000000022
0.019874999999999976,0.024136000000000022
0.02112499999999995,0.024136000000000022
0.019874999999999976,0.024136000000000022
0.023499999999999965,0.015516000000000014
0.02112499999999995,0.024136000000000022
0.01799999999999996,0.015516000000000014
0.018624999999999947,0.015516000000000014
0.02287499999999998,0.015516000000000014
0.01799999999999996,0.015516000000000014
0.01799999999999996,0.015516000000000014
0.02174999999999999,0.024136000000000022
0.01799999999999996,0.024136000000000022
0.015625,0.015516000000000014
0.024124999999999952,0.015516000000000014
0.02112499999999995,0.024136000000000022
0.01799999999999996,0.015516000000000014
0.020499999999999963,0.015516000000000014
0.01924999999999999,0.024136000000000022
0.01799999999999996,0.015516000000000014
0.020499999999999963,0.015516000000000014
0.022249999999999992,0.024136000000000022
0.01924999999999999,0.015516000000000014
0.019874999999999976,0.015516000000000014
0.022249999999999992,0.015516000000000014
0.020499999999999963,0.024136000000000022
0.01799999999999996,0.015516000000000014
0.02174999999999999,0.015516000000000014
0.015625,0.015516000000000014
0.02112499999999995,0.024136000000000022
0.02537499999999998,0.024136000000000022
0.01799999999999996,0.015516000000000014
0.01799999999999996,0.015516000000000014
0.019874999999999976,0.024136000000000022
0.01924999999999999,0.024136000000000022
0.015625,0.015516000000000014
0.020499999999999963,0.024136000000000022
0.022249999999999992,0.024136000000000022
0.01924999999999999,0.015516000000000014
0.01799999999999996,0.015516000000000014
0.02174999999999999,0.015516000000000014
0.02287499999999998,0.015516000000000014
0.01799999999999996,0.015516000000000014
0.016874999999999973,0.015516000000000014
0.019874999999999976,0.024136000000000022
0.01799999999999996,0.024136000000000022
0.01924999999999999,0.015516000000000014
0.022249999999999992,0.024136000000000022
0.014999999999999958,0.024136000000000022
0.02112499999999995,0.015516000000000014
0.02537499999999998,0.024136000000000022
0.016874999999999973,0.015516000000000014
0.01924999999999999,0.015516000000000014
0.01924999999999999,0.024136000000000022
0.01924999999999999,0.015516000000000014
0.014999999999999958,0.024136000000000022
0.02174999999999999,0.015516000000000014
0.01924999999999999,0.024136000000000022
0.02112499999999995,0.024136000000000022
0.020499999999999963,0.024136000000000022
0.017374999999999974,0.024136000000000022
0.02287499999999998,0.024136000000000022
0.01924999999999999,0.024136000000000022
0.020499999999999963,0.015516000000000014
0.02112499999999995,0.024136000000000022
0.02112499999999995,0.024136000000000022
0.018624999999999947,0.015516000000000014
0.02287499999999998,0.015516000000000014
0.01799999999999996,0.015516000000000014
0.013749999999999984,0.024136000000000022
0.02112499999999995,0.015516000000000014
0.02287499999999998,0.024136000000000022
0.018624999999999947,0.015516000000000014
0.02174999999999999,0.015516000000000014
0.014374999999999971,0.015516000000000014
0.022249999999999992,0.015516000000000014
0.01924999999999999,0.024136000000000022
0.016874999999999973,0.024136000000000022
0.020499999999999963,0.015516000000000014
0.017374999999999974,0.024136000000000022
0.02174999999999999,0.024136000000000022
0.01924999999999999,0.015516000000000014
0.014374999999999971,0.015516000000000014
0.018624999999999947,0.015516000000000014
0.016249999999999987,0.015516000000000014
0.019874999999999976,0.024136000000000022
0.01799999999999996,0.015516000000000014
0.01799999999999996,0.015516000000000014
0.01924999999999999,0.015516000000000014
0.018624999999999947,0.015516000000000014
0.018624999999999947,0.015516000000000014
0.023499999999999965,0.024136000000000022
0.019874999999999976,0.015516000000000014
0.016249999999999987,0.015516000000000014
0.019874999999999976,0.015516000000000014
0.02112499999999995,0.024136000000000022
0.018624999999999947,0.024136000000000022
0.02174999999999999,0.015516000000000014
0.01924999999999999,0.024136000000000022
0.019874999999999976,0.024136000000000022
0.020499999999999963,0.024136000000000022
0.018624999999999947,0.015516000000000014
0.02174999999999999,0.015516000000000014
0.01924999999999999,0.024136000000000022
0.01799999999999996,0.015516000000000014
0.022249999999999992,0.015516000000000014
0.024124999999999952,0.024136000000000022
0.01924999999999999,0.024136000000000022
0.01924999999999999,0.024136000000000022
0.02112499999999995,0.015516000000000014
0.02174999999999999,0.024136000000000022
0.01924999999999999,0.015516000000000014
0.01924999999999999,0.024136000000000022
0.01799999999999996,0.024136000000000022
0.018624999999999947,0.015516000000000014
0.02287499999999998,0.015516000000000014
0.01924999999999999,0.015516000000000014
0.01924999999999999,0.024136000000000022
0.01799999999999996,0.015516000000000014
0.020499999999999963,0.024136000000000022
0.02174999999999999,0.015516000000000014
0.02112499999999995,0.024136000000000022
0.016249999999999987,0.024136000000000022
0.017374999999999974,0.015516000000000014
0.015625,0.015516000000000014
0.02112499999999995,0.015516000000000014
0.015625,0.024136000000000022
0.018624999999999947,0.024136000000000022
0.019874999999999976,0.024136000000000022
0.020499999999999963,0.015516000000000014
0.01924999999999999,0.015516000000000014
0.016874999999999973,0.015516000000000014
0.02287499999999998,0.015516000000000014
0.020499999999999963,0.015516000000000014
0.020499999999999963,0.024136000000000022
0.02174999999999999,0.024136000000000022
0.019874999999999976,0.015516000000000014
0.023499999999999965,0.015516000000000014
0.023499999999999965,0.015516000000000014
0.014999999999999958,0.015516000000000014
0.02287499999999998,0.024136000000000022
0.014999999999999958,0.024136000000000022
0.019874999999999976,0.024136000000000022
0.020499999999999963,0.015516000000000014
0.014999999999999958,0.024136000000000022
0.02287499999999998,0.024136000000000022
0.018624999999999947,0.015516000000000014
0.018624999999999947,0.024136000000000022
0.02287499999999998,0.024136000000000022
0.01799999999999996,0.024136000000000022
0.016249999999999987,0.015516000000000014
0.024749999999999994,0.024136000000000022
0.024124999999999952,0.024136000000000022
0.014999999999999958,0.024136000000000022
0.016249999999999987,0.024136000000000022
0.02174999999999999,0.015516000000000014
0.014999999999999958,0.024136000000000022
0.020499999999999963,0.024136000000000022
0.01924999999999999,0.015516000000000014
0.017374999999999974,0.024136000000000022
0.02112499999999995,0.015516000000000014
0.016249999999999987,0.015516000000000014
0.02174999999999999,0.024136000000000022
0.016249999999999987,0.015516000000000014
0.024124999999999952,0.015516000000000014
0.020499999999999963,0.015516000000000014
0.01924999999999999,0.024136000000000022
0.01799999999999996,0.015516000000000014
0.02112499999999995,0.024136000000000022
0.020499999999999963,0.015516000000000014
0.02112499999999995,0.015516000000000014
0.016249999999999987,0.015516000000000014
0.019874999999999976,0.024136000000000022
0.01924999999999999,0.015516000000000014
0.02287499999999998,0.024136000000000022
0.020499999999999963,0.024136000000000022
0.01799999999999996,0.024136000000000022
0.01924999999999999,0.024136000000000022
0.015625,0.024136000000000022
0.02174999999999999,0.015516000000000014
0.01924999999999999,0.024136000000000022
0.015625,0.024136000000000022
0.019874999999999976,0.015516000000000014
0.02112499999999995,0.015516000000000014
0.017374999999999974,0.015516000000000014
0.016874999999999973,0.015516000000000014
0.020499999999999963,0.015516000000000014
0.024124999999999952,0.024136000000000022
0.016249999999999987,0.024136000000000022
0.01924999999999999,0.024136000000000022
0.022249999999999992,0.024136000000000022
0.01799999999999996,0.024136000000000022
0.018624999999999947,0.015516000000000014
0.017374999999999974,0.015516000000000014
0.019874999999999976,0.024136000000000022
0.01924999999999999,0.024136000000000022
0.022249999999999992,0.024136000000000022
0.016874999999999973,0.024136000000000022
0.01799999999999996,0.024136000000000022
0.019874999999999976,0.015516000000000014
0.019874999999999976,0.015516000000000014
0.018624999999999947,0.024136000000000022
0.01924999999999999,0.015516000000000014
0.018624999999999947,0.024136000000000022
0.016874999999999973,0.024136000000000022
0.016874999999999973,0.024136000000000022
0.01799999999999996,0.015516000000000014
0.017374999999999974,0.015516000000000014
0.018624999999999947,0.015516000000000014
0.02112499999999995,0.024136000000000022
0.01799999999999996,0.015516000000000014
0.01799999999999996,0.024136000000000022
0.017374999999999974,0.015516000000000014
0.019874999999999976,0.015516000000000014
0.019874999999999976,0.024136000000000022
0.01799999999999996,0.015516000000000014
0.02112499999999995,0.015516000000000014
0.018624999999999947,0.015516000000000014
0.019874999999999976,0.024136000000000022
0.017374999999999974,0.024136000000000022
0.02174999999999999,0.024136000000000022
0.020499999999999963,0.015516000000000014
0.01799999999999996,0.015516000000000014
0.01924999999999999,0.024136000000000022
0.018624999999999947,0.015516000000000014
0.016874999999999973,0.015516000000000014
0.02112499999999995,0.015516000000000014
0.02287499999999998,0.024136000000000022
0.016874999999999973,0.024136000000000022
0.019874999999999976,0.024136000000000022
0.022249999999999992,0.015516000000000014
0.020499999999999963,0.015516000000000014
0.020499999999999963,0.015516000000000014
0.017374999999999974,0.015516000000000014
0.018624999999999947,0.015516000000000014
0.016874999999999973,0.024136000000000022
0.020499999999999963,0.015516000000000014
0.02112499999999995,0.015516000000000014
0.019874999999999976,0.024136000000000022
0.01924999999999999,0.015516000000000014
0.02287499999999998,0.015516000000000014
0.017374999999999974,0.024136000000000022
0.01924999999999999,0.015516000000000014
0.01924999999999999,0.015516000000000014
0.01799999999999996,0.015516000000000014
0.02287499999999998,0.024136000000000022
0.016874999999999973,0.024136000000000022
0.01924999999999999,0.024136000000000022
0.02287499999999998,0.024136000000000022
0.011999999999999955,0.024136000000000022
0.017374999999999974,0.015516000000000014
0.01924999999999999,0.015516000000000014
0.02174999999999999,0.015516000000000014
0.02287499999999998,0.024136000000000022
0.01924999999999999,0.024136000000000022
0.01924999999999999,0.015516000000000014
0.020499999999999963,0.015516000000000014
0.017374999999999974,0.024136000000000022
0.016874999999999973,0.015516000000000014
0.018624999999999947,0.024136000000000022
0.020499999999999963,0.024136000000000022
0.02174999999999999,0.024136000000000022
0.014999999999999958,0.015516000000000014
0.019874999999999976,0.024136000000000022
0.01924999999999999,0.015516000000000014
0.02174999999999999,0.024136000000000022
0.020499999999999963,0.015516000000000014
0.020499999999999963,0.015516000000000014
0.016249999999999987,0.024136000000000022
0.015625,0.015516000000000014
0.020499999999999963,0.015516000000000014
0.016249999999999987,0.024136000000000022
0.02112499999999995,0.015516000000000014
0.01799999999999996,0.024136000000000022
0.02174999999999999,0.024136000000000022
0.017374999999999974,0.015516000000000014
0.01799999999999996,0.015516000000000014
0.019874999999999976,0.024136000000000022
0.01924999999999999,0.024136000000000022
0.016874999999999973,0.015516000000000014
0.020499999999999963,0.015516000000000014
0.017374999999999974,0.015516000000000014
0.019874999999999976,0.015516000000000014
0.020499999999999963,0.015516000000000014
0.02287499999999998,0.024136000000000022
0.01799999999999996,0.024136000000000022
0.016249999999999987,0.015516000000000014
0.017374999999999974,0.015516000000000014
0.01924999999999999,0.015516000000000014
0.02174999999999999,0.024136000000000022
0.018624999999999947,0.015516000000000014
0.02112499999999995,0.015516000000000014
0.02174999999999999,0.024136000000000022
0.017374999999999974,0.015516000000000014
0.02287499999999998,0.015516000000000014
0.016874999999999973,0.015516000000000014
0.022249999999999992,0.024136000000000022
0.02174999999999999,0.024136000000000022
0.01924999999999999,0.015516000000000014
0.01799999999999996,0.015516000000000014
0.019874999999999976,0.024136000000000022
0.01799999999999996,0.024136000000000022
0.016874999999999973,0.024136000000000022
0.01799999999999996,0.024136000000000022
0.017374999999999974,0.024136000000000022
0.022249999999999992,0.024136000000000022
0.015625,0.024136000000000022
0.020499999999999963,0.015516000000000014
0.01799999999999996,0.024136000000000022
0.016249999999999987,0.024136000000000022
0.02174999999999999,0.024136000000000022
0.016249999999999987,0.015516000000000014
0.019874999999999976,0.024136000000000022
0.01799999999999996,0.024136000000000022
0.01799999999999996,0.024136000000000022
0.016874999999999973,0.024136000000000022
0.018624999999999947,0.015516000000000014
0.020499999999999963,0.024136000000000022
0.016249999999999987,0.015516000000000014
0.020499999999999963,0.015516000000000014
0.01924999999999999,0.024136000000000022
0.01924999999999999,0.024136000000000022
0.01799999999999996,0.015516000000000014
0.016874999999999973,0.015516000000000014
0.014374999999999971,0.015516000000000014
0.01924999999999999,0.024136000000000022
0.017374999999999974,0.015516000000000014
0.018624999999999947,0.024136000000000022
0.02174999999999999,0.024136000000000022
0.020499999999999963,0.015516000000000014
0.019874999999999976,0.024136000000000022
0.019874999999999976,0.024136000000000022
0.016874999999999973,0.024136000000000022
0.019874999999999976,0.015516000000000014
0.018624999999999947,0.024136000000000022
0.01924999999999999,0.024136000000000022
0.022249999999999992,0.015516000000000014
0.014999999999999958,0.024136000000000022
0.016874999999999973,0.015516000000000014
0.02174999999999999,0.024136000000000022
0.017374999999999974,0.015516000000000014
0.01924999999999999,0.024136000000000022
0.016874999999999973,0.015516000000000014
0.01924999999999999,0.024136000000000022
0.01799999999999996,0.015516000000000014
0.01799999999999996,0.024136000000000022
0.02112499999999995,0.024136000000000022
0.016249999999999987,0.015516000000000014
0.020499999999999963,0.024136000000000022
0.02174999999999999,0.015516000000000014
0.020499999999999963,0.015516000000000014
0.016874999999999973,0.024136000000000022
0.02174999999999999,0.015516000000000014
0.01799999999999996,0.024136000000000022
0.01799999999999996,0.015516000000000014
0.01799999999999996,0.015516000000000014
0.020499999999999963,0.024136000000000022
0.014999999999999958,0.015516000000000014
0.016874999999999973,0.024136000000000022
0.01799999999999996,0.015516000000000014
0.019874999999999976,0.024136000000000022
0.02287499999999998,0.015516000000000014
0.016874999999999973,0.024136000000000022
0.01924999999999999,0.015516000000000014
0.01799999999999996,0.024136000000000022
0.01799999999999996,0.015516000000000014
0.01924999999999999,0.015516000000000014
0.01924999999999999,0.024136000000000022
0.020499999999999963,0.024136000000000022
0.016874999999999973,0.015516000000000014
0.018624999999999947,0.024136000000000022
0.02537499999999998,0.024136000000000022
0.016874999999999973,0.015516000000000014
0.02112499999999995,0.024136000000000022
0.01924999999999999,0.015516000000000014
0.016874999999999973,0.015516000000000014
0.016249999999999987,0.024136000000000022
0.022249999999999992,0.015516000000000014
0.01924999999999999,0.024136000000000022
0.016874999999999973,0.024136000000000022
0.01924999999999999,0.015516000000000014
0.018624999999999947,0.024136000000000022
0.017374999999999974,0.015516000000000014
0.020499999999999963,0.024136000000000022
0.016249999999999987,0.015516000000000014
0.019874999999999976,0.015516000000000014
0.01799999999999996,0.015516000000000014
0.018624999999999947,0.015516000000000014
0.02174999999999999,0.015516000000000014
0.02174999999999999,0.024136000000000022
0.018624999999999947,0.015516000000000014
0.01924999999999999,0.015516000000000014
0.022249999999999992,0.024136000000000022
0.015625,0.015516000000000014
0.01924999999999999,0.015516000000000014
0.02112499999999995,0.024136000000000022
0.015625,0.015516000000000014
0.018624999999999947,0.024136000000000022
0.02287499999999998,0.015516000000000014
0.014999999999999958,0.024136000000000022
0.016874999999999973,0.024136000000000022
0.016874999999999973,0.015516000000000014
0.014374999999999971,0.024136000000000022
0.01799999999999996,0.024136000000000022
0.018624999999999947,0.024136000000000022
0.017374999999999974,0.015516000000000014
0.022249999999999992,0.015516000000000014
0.01799999999999996,0.024136000000000022
0.020499999999999963,0.024136000000000022
0.02174999999999999,0.015516000000000014
0.01924999999999999,0.024136000000000022
0.022249999999999992,0.015516000000000014
0.020499999999999963,0.024136000000000022
0.018624999999999947,0.024136000000000022
0.02112499999999995,0.015516000000000014
0.018624999999999947,0.015516000000000014
0.01924999999999999,0.015516000000000014
0.01924999999999999,0.024136000000000022
0.01924999999999999,0.024136000000000022
0.01799999999999996,0.024136000000000022
0.01799999999999996,0.015516000000000014
0.01799999999999996,0.015516000000000014
0.022249999999999992,0.024136000000000022
0.01799999999999996,0.024136000000000022
0.01924999999999999,0.015516000000000014
0.020499999999999963,0.024136000000000022
0.019874999999999976,0.024136000000000022
0.01924999999999999,0.024136000000000022
0.020499999999999963,0.024136000000000022
0.016249999999999987,0.024136000000000022
0.017374999999999974,0.015516000000000014
0.02174999999999999,0.015516000000000014
0.01924999999999999,0.015516000000000014
0.020499999999999963,0.015516000000000014
0.019874999999999976,0.024136000000000022
0.01799999999999996,0.015516000000000014
0.01799999999999996,0.024136000000000022
0.016249999999999987,0.015516000000000014
0.01799999999999996,0.024136000000000022
0.016249999999999987,0.024136000000000022
0.016874999999999973,0.015516000000000014
0.020499999999999963,0.024136000000000022
0.02112499999999995,0.024136000000000022
0.01799999999999996,0.015516000000000014
0.02112499999999995,0.024136000000000022
0.017374999999999974,0.015516000000000014
0.022249999999999992,0.024136000000000022
0.01924999999999999,0.015516000000000014
0.01924999999999999,0.024136000000000022
0.01924999999999999,0.024136000000000022
0.016874999999999973,0.015516000000000014
0.01924999999999999,0.015516000000000014
0.02112499999999995,0.024136000000000022
0.016249999999999987,0.024136000000000022
0.016874999999999973,0.015516000000000014
0.024124999999999952,0.024136000000000022
0.020499999999999963,0.024136000000000022
0.019874999999999976,0.024136000000000022
0.024124999999999952,0.024136000000000022
0.014999999999999958,0.024136000000000022
0.02174999999999999,0.015516000000000014
0.01924999999999999,0.024136000000000022
0.016874999999999973,0.015516000000000014
0.01924999999999999,0.015516000000000014
0.01799999999999996,0.015516000000000014
0.020499999999999963,0.015516000000000014
0.01924999999999999,0.015516000000000014
0.018624999999999947,0.024136000000000022
0.01799999999999996,0.015516000000000014
0.018624999999999947,0.024136000000000022
0.018624999999999947,0.015516000000000014
0.019874999999999976,0.015516000000000014
0.01799999999999996,0.015516000000000014
0.02112499999999995,0.024136000000000022
0.01799999999999996,0.015516000000000014
0.01799999999999996,0.024136000000000022
0.02112499999999995,0.024136000000000022
0.020499999999999963,0.024136000000000022
0.016874999999999973,0.015516000000000014
0.022249999999999992,0.015516000000000014
0.018624999999999947,0.015516000000000014
0.017374999999999974,0.015516000000000014
0.020499999999999963,0.024136000000000022
0.020499999999999963,0.024136000000000022
0.02112499999999995,0.024136000000000022
0.016249999999999987,0.024136000000000022
0.01924999999999999,0.015516000000000014
0.02287499999999998,0.024136000000000022
0.01924999999999999,0.015516000000000014
0.019874999999999976,0.024136000000000022
0.019874999999999976,0.024136000000000022
0.01924999999999999,0.024136000000000022
0.01924999999999999,0.015516000000000014
0.020499999999999963,0.015516000000000014
0.020499999999999963,0.015516000000000014
0.016249999999999987,0.015516000000000014
0.020499999999999963,0.024136000000000022
0.018624999999999947,0.024136000000000022
0.016874999999999973,0.015516000000000014
0.016874999999999973,0.015516000000000014
0.016874999999999973,0.015516000000000014
0.016249999999999987,0.015516000000000014
0.01924999999999999,0.015516000000000014
0.016874999999999973,0.015516000000000014
0.018624999999999947,0.024136000000000022
0.02174999999999999,0.015516000000000014
0.016874999999999973,0.024136000000000022
0.018624999999999947,0.015516000000000014
0.017374999999999974,0.015516000000000014
0.01924999999999999,0.015516000000000014
0.018624999999999947,0.024136000000000022
0.01924999999999999,0.015516000000000014
0.02112499999999995,0.024136000000000022
0.014999999999999958,0.024136000000000022
0.01924999999999999,0.024136000000000022
0.020499999999999963,0.024136000000000022
0.017374999999999974,0.015516000000000014
0.024124999999999952,0.024136000000000022
0.020499999999999963,0.015516000000000014
0.020499999999999963,0.015516000000000014
0.01799999999999996,0.015516000000000014
0.01799999999999996,0.015516000000000014
0.01799999999999996,0.015516000000000014
0.020499999999999963,0.024136000000000022
0.02174999999999999,0.015516000000000014
0.018624999999999947,0.024136000000000022
0.01924999999999999,0.015516000000000014
0.01924999999999999,0.024136000000000022
0.020499999999999963,0.015516000000000014
0.019874999999999976,0.024136000000000022
0.017374999999999974,0.015516000000000014
0.01799999999999996,0.015516000000000014
0.020499999999999963,0.015516000000000014
0.016249999999999987,0.015516000000000014
0.01799999999999996,0.024136000000000022
0.018624999999999947,0.024136000000000022
0.016874999999999973,0.024136000000000022
0.01924999999999999,0.015516000000000014
0.019874999999999976,0.024136000000000022
0.02112499999999995,0.015516000000000014
0.02174999999999999,0.015516000000000014
0.02287499999999998,0.015516000000000014
0.01924999999999999,0.015516000000000014
0.016249999999999987,0.015516000000000014
0.016874999999999973,0.015516000000000014
0.020499999999999963,0.024136000000000022
0.016874999999999973,0.015516000000000014
0.01924999999999999,0.015516000000000014
0.01924999999999999,0.015516000000000014
