0.302,0.5965039999999999
0.326375,0.5965039999999999
0.33912499999999995,0.5965039999999999
0.34225,0.5965039999999999
0.34225,0.5965039999999999
0.30749999999999994,0.5965039999999999
0.3147499999999999,0.5965039999999999
0.34225,0.512028
0.280125,0.63788
0.27575,0.5965039999999999
0.26299999999999996,0.562024
0.34225,0.5965039999999999
0.21612499999999996,0.512028
0.34225,0.5706439999999999
0.185,0.65512
0.34225,0.512028
0.31425,0.66374
0.28862499999999996,0.5706439999999999
0.23925000000000002,0.5706439999999999
0.3373749999999999,0.5378879999999999
0.34225,0.5965039999999999
0.34225,0.5534039999999999
0.34225,0.605124
0.27462499999999995,0.427552
0.327,0.5792639999999999
0.34225,0.5792639999999999
0.29162499999999997,0.462032
0.34225,0.6465
0.30075,0.613744
0.286125,0.5465079999999999
0.30324999999999996,0.5378879999999999
0.315375,0.63788
0.33125,0.5706439999999999
0.34225,0.5792639999999999
0.341,0.48616800000000004
0.28987499999999994,0.49478800000000006
0.285,0.5965039999999999
0.29475,0.5034080000000001
0.276375,0.5706439999999999
0.34225,0.5292680000000001
0.286125,0.462032
0.258125,0.5034080000000001
0.27824999999999994,0.5206480000000001
0.34225,0.5034080000000001
0.08625,0.5534039999999999
0.33912499999999995,0.5534039999999999
0.34225,0.605124
0.26175,0.512028
0.341,0.5378879999999999
0.28375,0.5706439999999999
0.23437499999999994,0.5378879999999999
0.27762499999999996,0.5034080000000001
0.19774999999999998,0.6465
0.20149999999999996,0.613744
0.23799999999999993,0.5034080000000001
0.3001249999999999,0.512028
0.258125,0.62064
0.25199999999999995,0.5292680000000001
0.28987499999999994,0.605124
0.33125,0.562024
0.15387499999999998,0.5792639999999999
0.13987499999999997,0.5534039999999999
0.302,0.5292680000000001
0.30624999999999997,0.5465079999999999
0.27575,0.5465079999999999
0.199625,0.5792639999999999
0.22649999999999998,0.45341200000000004
0.286125,0.5378879999999999
0.250875,0.587884
0.19837499999999997,0.5034080000000001
0.22037499999999993,0.605124
0.196625,0.5465079999999999
0.2562499999999999,0.5292680000000001
0.302625,0.613744
0.34225,0.562024
0.32025,0.5706439999999999
0.2545,0.5206480000000001
0.18374999999999997,0.6292599999999999
0.2685,0.587884
0.34225,0.562024
0.34225,0.5534039999999999
0.328875,0.49478800000000006
0.33425,0.5034080000000001
0.22649999999999998,0.470652
0.24162499999999992,0.562024
0.309375,0.587884
0.34225,0.562024
0.34225,0.5534039999999999
0.23799999999999993,0.5534039999999999
0.34225,0.6292599999999999
0.323375,0.5534039999999999
0.3373749999999999,0.5292680000000001
0.34225,0.562024
0.31787499999999996,0.5034080000000001
0.324,0.5965039999999999
0.33912499999999995,0.47927200000000003
0.23674999999999996,0.6723600000000001
0.20024999999999998,0.5706439999999999
0.3147499999999999,0.5465079999999999
0.26299999999999996,0.6292599999999999
0.30624999999999997,0.45341200000000004
0.256875,0.5034080000000001
0.19287499999999996,0.5706439999999999
0.33912499999999995,0.562024
0.34225,0.5206480000000001
0.27762499999999996,0.5292680000000001
0.34225,0.66374
0.19287499999999996,0.5292680000000001
0.33125,0.62064
0.34225,0.49478800000000006
0.27524999999999994,0.49478800000000006
0.34225,0.5792639999999999
0.291,0.5706439999999999
0.34225,0.5465079999999999
0.33612499999999995,0.5292680000000001
0.18924999999999997,0.5534039999999999
0.34225,0.5792639999999999
0.31425,0.6292599999999999
0.18987499999999996,0.436172
0.26724999999999993,0.5034080000000001
0.31725,0.562024
0.19537499999999997,0.6292599999999999
0.2532499999999999,0.5534039999999999
0.27824999999999994,0.63788
0.34225,0.7051160000000001
0.32025,0.5792639999999999
0.258125,0.5534039999999999
0.34225,0.5792639999999999
0.256875,0.47927200000000003
0.13324999999999998,0.613744
0.34225,0.65512
0.305,0.5534039999999999
0.16362499999999996,0.5965039999999999
0.34225,0.605124
0.31725,0.5965039999999999
0.20024999999999998,0.5206480000000001
0.17774999999999996,0.5534039999999999
0.26299999999999996,0.587884
0.309375,0.5534039999999999
0.34225,0.5034080000000001
0.29649999999999993,0.687876
0.27762499999999996,0.5792639999999999
0.26599999999999996,0.5034080000000001
0.324,0.5034080000000001
0.31725,0.562024
0.2545,0.5965039999999999
0.2854999999999999,0.5534039999999999
0.18924999999999997,0.613744
0.30987499999999996,0.5034080000000001
0.34225,0.5534039999999999
0.34225,0.6292599999999999
0.34225,0.5292680000000001
0.270375,0.5206480000000001
0.20449999999999996,0.5292680000000001
0.31725,0.444792
0.341625,0.5965039999999999
0.338625,0.5965039999999999
0.34225,0.5378879999999999
0.331875,0.5534039999999999
0.33674999999999994,0.5378879999999999
0.21549999999999997,0.462032
0.34225,0.49478800000000006
0.25262499999999993,0.5378879999999999
0.2795,0.613744
0.24474999999999997,0.605124
0.33974999999999994,0.512028
0.27824999999999994,0.562024
0.29162499999999997,0.62064
0.26237499999999997,0.5465079999999999
0.316,0.5706439999999999
0.27462499999999995,0.5206480000000001
0.32574999999999993,0.5206480000000001
0.34225,0.5706439999999999
0.24412499999999998,0.5706439999999999
0.316,0.5534039999999999
0.34225,0.5534039999999999
0.30749999999999994,0.5965039999999999
0.255125,0.5292680000000001
0.24774999999999997,0.5292680000000001
0.20024999999999998,0.5034080000000001
0.31849999999999995,0.62064
0.34225,0.5706439999999999
0.159375,0.5706439999999999
0.34225,0.5465079999999999
0.24112499999999998,0.587884
0.34225,0.5292680000000001
0.34225,0.48616800000000004
0.24712499999999998,0.63788
0.23562499999999992,0.5534039999999999
0.34225,0.5465079999999999
0.34225,0.5292680000000001
0.29287499999999994,0.5206480000000001
0.34225,0.5706439999999999
0.23799999999999993,0.605124
0.32512499999999994,0.512028
0.23312499999999997,0.62064
0.30449999999999994,0.62064
0.2405,0.5534039999999999
0.32025,0.48616800000000004
0.196625,0.5034080000000001
0.34225,0.5706439999999999
0.34225,0.5706439999999999
0.30749999999999994,0.5534039999999999
0.34225,0.5465079999999999
0.21299999999999997,0.5534039999999999
0.34225,0.5034080000000001
0.258125,0.5706439999999999
0.2435,0.5206480000000001
0.299625,0.47927200000000003
0.34225,0.5965039999999999
0.34225,0.63788
0.25999999999999995,0.5034080000000001
0.26062499999999994,0.462032
0.33374999999999994,0.5534039999999999
0.34225,0.5706439999999999
0.30875,0.5534039999999999
0.34225,0.587884
0.27575,0.6292599999999999
0.23137499999999994,0.5378879999999999
0.33425,0.5034080000000001
0.20999999999999996,0.5965039999999999
0.34225,0.5206480000000001
0.33374999999999994,0.5792639999999999
0.28862499999999996,0.5706439999999999
0.34225,0.5206480000000001
0.33912499999999995,0.47927200000000003
0.22212499999999996,0.5965039999999999
0.34225,0.5292680000000001
0.31849999999999995,0.5706439999999999
0.22099999999999992,0.562024
0.34225,0.5034080000000001
0.34225,0.562024
0.26175,0.6292599999999999
0.34225,0.613744
0.15449999999999997,0.49478800000000006
0.272125,0.605124
0.31912499999999994,0.5792639999999999
0.286125,0.5378879999999999
0.21912499999999996,0.5706439999999999
0.34225,0.5706439999999999
0.23925000000000002,0.5292680000000001
0.174,0.5965039999999999
0.273375,0.5465079999999999
0.31725,0.562024
0.3147499999999999,0.605124
0.22162500000000002,0.6292599999999999
0.341,0.5378879999999999
0.287375,0.605124
0.34225,0.5034080000000001
0.305,0.5706439999999999
0.26062499999999994,0.5706439999999999
0.16974999999999996,0.5034080000000001
0.22099999999999992,0.5534039999999999
0.16062499999999996,0.5534039999999999
0.0595,0.5792639999999999
0.08875,0.605124
0.26062499999999994,0.562024
0.21425,0.512028
0.34225,0.37755599999999995
0.34225,0.5965039999999999
0.34225,0.49478800000000006
0.34225,0.65512
0.31175,0.5792639999999999
0.23674999999999996,0.5292680000000001
0.34225,0.5792639999999999
0.22162500000000002,0.605124
0.22525,0.47927200000000003
0.34225,0.49478800000000006
0.19174999999999998,0.65512
0.31787499999999996,0.427552
0.334875,0.462032
0.270375,0.6292599999999999
0.29712500000000003,0.5034080000000001
0.34225,0.5706439999999999
0.305625,0.605124
0.24962499999999993,0.5706439999999999
0.21675,0.5034080000000001
0.34225,0.5534039999999999
0.22649999999999998,0.5534039999999999
0.294125,0.605124
0.23625000000000002,0.5534039999999999
0.16674999999999995,0.5292680000000001
0.30875,0.6465
0.270375,0.5034080000000001
0.30749999999999994,0.47927200000000003
0.32825,0.5292680000000001
0.26424999999999993,0.436172
0.34225,0.5706439999999999
0.302625,0.562024
0.19349999999999995,0.5378879999999999
0.21425,0.562024
0.231875,0.512028
0.2824999999999999,0.5792639999999999
0.287375,0.6292599999999999
0.287375,0.48616800000000004
0.29524999999999996,0.605124
0.34225,0.5534039999999999
0.34225,0.5292680000000001
0.341625,0.587884
0.34225,0.6292599999999999
0.30624999999999997,0.48616800000000004
0.34225,0.605124
0.34225,0.62064
0.17587499999999995,0.587884
0.2854999999999999,0.470652
0.25137499999999996,0.5534039999999999
0.34225,0.403416
0.18137499999999995,0.5534039999999999
0.18924999999999997,0.5465079999999999
0.33974999999999994,0.605124
0.3001249999999999,0.6292599999999999
0.34225,0.5965039999999999
0.18562499999999998,0.5965039999999999
0.34225,0.562024
0.28675,0.68098
0.25999999999999995,0.5465079999999999
0.24162499999999992,0.5034080000000001
0.34225,0.5965039999999999
0.164875,0.687876
0.34225,0.5206480000000001
0.302,0.613744
0.21787499999999999,0.436172
0.283125,0.587884
0.20937499999999998,0.605124
0.330625,0.562024
0.34225,0.5534039999999999
0.301375,0.5792639999999999
0.31425,0.5465079999999999
0.202125,0.587884
0.2545,0.47927200000000003
0.34225,0.605124
0.34225,0.5378879999999999
0.34225,0.47927200000000003
0.34225,0.5378879999999999
0.21675,0.63788
0.28987499999999994,0.5292680000000001
0.330625,0.65512
0.34225,0.605124
0.2708749999999999,0.5465079999999999
0.21425,0.5965039999999999
0.2824999999999999,0.613744
0.24537499999999995,0.5206480000000001
0.31725,0.605124
0.285,0.5792639999999999
0.25262499999999993,0.5792639999999999
0.24599999999999994,0.587884
0.17337499999999995,0.5534039999999999
0.3147499999999999,0.5706439999999999
0.18262499999999998,0.5465079999999999
0.16249999999999998,0.5206480000000001
0.316,0.605124
0.324,0.5706439999999999
0.338625,0.562024
0.196625,0.5792639999999999
0.285,0.5534039999999999
0.34225,0.436172
0.33374999999999994,0.5792639999999999
0.26175,0.5792639999999999
0.2795,0.45341200000000004
0.34225,0.6292599999999999
0.24225000000000002,0.5465079999999999
0.23312499999999997,0.462032
0.2824999999999999,0.63788
0.2405,0.5706439999999999
0.18012499999999998,0.5534039999999999
0.22462500000000002,0.444792
0.26724999999999993,0.6465
0.30075,0.63788
0.28987499999999994,0.5034080000000001
0.309375,0.5206480000000001
0.338625,0.63788
0.25137499999999996,0.6292599999999999
0.188625,0.5206480000000001
0.302,0.5378879999999999
0.34225,0.687876
0.18137499999999995,0.5465079999999999
0.313625,0.5534039999999999
0.26299999999999996,0.5706439999999999
0.26599999999999996,0.5792639999999999
0.29162499999999997,0.5706439999999999
0.228875,0.49478800000000006
0.18624999999999997,0.5534039999999999
0.2934999999999999,0.444792
0.2824999999999999,0.62064
0.34225,0.47927200000000003
0.21125,0.49478800000000006
0.3147499999999999,0.6292599999999999
0.24412499999999998,0.462032
0.18437499999999996,0.562024
0.34225,0.5534039999999999
0.18987499999999996,0.62064
0.2795,0.5465079999999999
0.34225,0.5965039999999999
0.2575,0.5706439999999999
0.3001249999999999,0.49478800000000006
0.2545,0.5206480000000001
0.202625,0.5706439999999999
0.2854999999999999,0.613744
0.287375,0.66374
0.284375,0.5534039999999999
0.341625,0.5465079999999999
0.331875,0.562024
0.27887499999999993,0.5465079999999999
0.27699999999999997,0.5292680000000001
0.285,0.605124
0.29775,0.5206480000000001
0.33,0.470652
0.25262499999999993,0.5034080000000001
0.34225,0.5378879999999999
0.27824999999999994,0.5292680000000001
0.15337499999999998,0.5534039999999999
0.23249999999999998,0.5465079999999999
0.2545,0.5706439999999999
0.20699999999999996,0.5465079999999999
0.34225,0.5465079999999999
0.34225,0.605124
0.31787499999999996,0.48616800000000004
0.34225,0.470652
0.20637499999999998,0.6292599999999999
0.19837499999999997,0.5534039999999999
0.24962499999999993,0.47927200000000003
0.34225,0.512028
0.34225,0.5792639999999999
0.25199999999999995,0.5292680000000001
0.28987499999999994,0.512028
0.34225,0.5965039999999999
0.326375,0.5792639999999999
0.32449999999999996,0.49478800000000006
0.31425,0.5706439999999999
0.202625,0.5206480000000001
0.286125,0.5206480000000001
0.28124999999999994,0.5792639999999999
0.28675,0.6292599999999999
0.18624999999999997,0.605124
0.269125,0.5378879999999999
0.2575,0.512028
0.23249999999999998,0.5034080000000001
0.302625,0.5292680000000001
0.22399999999999992,0.470652
0.25937499999999997,0.5792639999999999
0.34225,0.5534039999999999
0.32512499999999994,0.62064
0.05212499999999998,0.5292680000000001
0.33912499999999995,0.5034080000000001
0.324,0.5206480000000001
0.34225,0.5292680000000001
0.34225,0.6292599999999999
0.34225,0.63788
0.34225,0.5206480000000001
0.30324999999999996,0.5292680000000001
0.13137499999999996,0.562024
0.23562499999999992,0.5706439999999999
0.34225,0.6292599999999999
0.22762500000000002,0.5378879999999999
0.34225,0.462032
0.34225,0.613744
0.26062499999999994,0.5534039999999999
0.33125,0.5965039999999999
0.330625,0.5965039999999999
0.24962499999999993,0.5792639999999999
0.34225,0.613744
0.17824999999999996,0.5534039999999999
0.34225,0.47927200000000003
0.3147499999999999,0.605124
0.1765,0.6292599999999999
0.3373749999999999,0.5965039999999999
0.312375,0.5534039999999999
0.06187499999999996,0.5792639999999999
0.24112499999999998,0.5292680000000001
0.34225,0.562024
0.34225,0.562024
0.3293749999999999,0.6292599999999999
0.22037499999999993,0.5378879999999999
0.24962499999999993,0.5706439999999999
0.2824999999999999,0.5965039999999999
0.286125,0.6292599999999999
0.284375,0.5034080000000001
0.27824999999999994,0.605124
0.25262499999999993,0.5792639999999999
0.34225,0.5292680000000001
0.22949999999999998,0.462032
0.34225,0.5206480000000001
0.26062499999999994,0.562024
0.309375,0.5792639999999999
0.305,0.5378879999999999
0.34225,0.5034080000000001
0.261125,0.512028
0.341625,0.5206480000000001
0.34225,0.5534039999999999
0.34225,0.5206480000000001
0.319625,0.470652
0.2715,0.5534039999999999
0.19537499999999997,0.562024
0.34225,0.5965039999999999
0.34225,0.512028
0.32087499999999997,0.5206480000000001
0.21675,0.470652
0.17712499999999998,0.613744
0.34225,0.5465079999999999
0.22525,0.613744
0.34225,0.5792639999999999
0.20449999999999996,0.5792639999999999
0.2405,0.562024
0.328875,0.5706439999999999
0.3373749999999999,0.48616800000000004
0.34225,0.587884
0.33612499999999995,0.5965039999999999
0.21487499999999998,0.470652
0.34225,0.6465
0.3373749999999999,0.562024
0.34225,0.605124
0.294125,0.5292680000000001
0.34225,0.5792639999999999
0.25937499999999997,0.687876
0.280125,0.5034080000000001
0.34225,0.5534039999999999
0.26175,0.5534039999999999
0.22649999999999998,0.444792
0.305625,0.587884
0.24162499999999992,0.5534039999999999
0.185,0.5465079999999999
0.316,0.5792639999999999
0.34225,0.5792639999999999
0.34225,0.5792639999999999
0.30624999999999997,0.5206480000000001
0.21974999999999995,0.5706439999999999
0.338,0.5792639999999999
0.23074999999999996,0.5292680000000001
0.302,0.5792639999999999
0.23437499999999994,0.5706439999999999
0.2708749999999999,0.5378879999999999
0.34225,0.605124
0.24962499999999993,0.63788
0.27275,0.5206480000000001
0.341625,0.613744
0.23437499999999994,0.5534039999999999
0.285,0.605124
0.2795,0.5965039999999999
0.291,0.5034080000000001
0.29712500000000003,0.5378879999999999
0.302,0.5292680000000001
0.3403749999999999,0.62064
0.32087499999999997,0.5378879999999999
0.32212499999999994,0.47927200000000003
0.313,0.5534039999999999
0.341625,0.5292680000000001
0.291,0.5378879999999999
0.284375,0.462032
0.34225,0.512028
0.34225,0.605124
0.283125,0.444792
0.22274999999999995,0.65512
0.17099999999999999,0.65512
0.25199999999999995,0.5292680000000001
0.28375,0.5378879999999999
0.341625,0.5465079999999999
0.05149999999999999,0.5292680000000001
0.34225,0.5465079999999999
0.31725,0.605124
0.334875,0.5206480000000001
0.313625,0.48616800000000004
0.29712500000000003,0.587884
0.31425,0.5378879999999999
0.27462499999999995,0.5792639999999999
0.14962499999999995,0.5034080000000001
0.34225,0.5706439999999999
0.34225,0.6292599999999999
0.34225,0.5965039999999999
0.291,0.5034080000000001
0.34225,0.47927200000000003
0.28862499999999996,0.5534039999999999
0.298375,0.47927200000000003
0.3227499999999999,0.48616800000000004
0.22762500000000002,0.6292599999999999
0.27824999999999994,0.5206480000000001
0.21675,0.5378879999999999
0.19537499999999997,0.6292599999999999
0.26424999999999993,0.587884
0.21237499999999998,0.47927200000000003
0.338625,0.5206480000000001
0.258125,0.605124
0.23562499999999992,0.5292680000000001
0.299,0.5206480000000001
0.2795,0.5792639999999999
0.34225,0.512028
0.34225,0.5534039999999999
0.34225,0.512028
0.30987499999999996,0.5206480000000001
0.21237499999999998,0.47927200000000003
0.34225,0.613744
0.290375,0.605124
0.3403749999999999,0.5378879999999999
0.34225,0.68098
0.30624999999999997,0.62064
0.11487499999999995,0.48616800000000004
0.273375,0.562024
0.159375,0.5034080000000001
0.24162499999999992,0.5378879999999999
0.21187499999999998,0.65512
0.33974999999999994,0.5206480000000001
