-0.053,0.3
-0.053,0.35
-0.053,0.35
-0.068,0.35
-0.053,0.3
-0.053,0.35
-0.068,0.35
-0.068,0.35
-0.068,0.35
-0.053,0.3
-0.053,0.35
-0.053,0.3
-0.068,0.35
-0.068,0.3
-0.068,0.35
-0.053,0.35
-0.053,0.35
-0.053,0.35
-0.053,0.35
-0.053,0.35
-0.053,0.3
-0.053,0.25
-0.037,0.2
-0.037,0.25
-0.037,0.2
-0.037,0.2
-0.037,0.13333333333333333
-0.022,0.2
-0.022,0.13333333333333333
-0.022,0.13333333333333333
-0.022,0.08333333333333333
-0.007,0.08333333333333333
-0.007,0.08333333333333333
-0.007,0.08333333333333333
-0.007,0.03333333333333333
0.007,-0.03333333333333333
0.007,-0.03333333333333333
0.007,-0.03333333333333333
0.007,-0.03333333333333333
0.007,-0.08333333333333333
0.007,-0.08333333333333333
0.007,-0.08333333333333333
0.007,-0.08333333333333333
0.007,-0.08333333333333333
0.022,-0.08333333333333333
0.007,-0.08333333333333333
0.022,-0.13333333333333333
0.022,-0.08333333333333333
0.022,-0.2
0.022,-0.13333333333333333
0.022,-0.2
0.022,-0.2
0.022,-0.2
0.037,-0.2
0.037,-0.2
0.022,-0.25
0.037,-0.2
0.022,-0.25
0.037,-0.3
0.037,-0.25
0.037,-0.25
0.037,-0.25
0.037,-0.25
0.037,-0.25
0.037,-0.25
0.037,-0.25
0.037,-0.3
0.037,-0.3
0.037,-0.25
0.037,-0.25
0.037,-0.3
0.037,-0.3
0.037,-0.35
0.053,-0.35
0.053,-0.35
0.053,-0.3
0.037,-0.35
0.037,-0.3
0.053,-0.25
0.037,-0.3
0.053,-0.25
0.037,-0.35
0.037,-0.35
0.037,-0.3
0.053,-0.3
0.053,-0.3
0.053,-0.35
0.053,-0.35
0.053,-0.35
0.053,-0.35
0.053,-0.35
0.053,-0.3
0.053,-0.3
0.053,-0.35
0.053,-0.35
0.053,-0.3
0.053,-0.35
0.053,-0.3
0.037,-0.35
0.053,-0.35
0.053,-0.4
0.053,-0.35
0.053,-0.35
0.053,-0.35
0.053,-0.35
0.053,-0.3
0.053,-0.35
0.053,-0.3
0.037,-0.25
0.037,-0.3
0.037,-0.3
0.037,-0.25
0.037,-0.25
0.037,-0.25
0.037,-0.3
0.037,-0.3
0.037,-0.3
0.037,-0.35
0.037,-0.25
0.037,-0.25
0.037,-0.25
0.037,-0.25
0.037,-0.25
0.037,-0.3
0.037,-0.25
0.037,-0.25
0.037,-0.2
0.022,-0.25
0.037,-0.25
0.037,-0.25
0.037,-0.25
0.037,-0.25
0.037,-0.25
0.037,-0.25
0.037,-0.25
0.037,-0.25
0.037,-0.25
0.037,-0.25
0.037,-0.25
0.022,-0.2
0.022,-0.2
0.022,-0.2
0.037,-0.2
0.022,-0.2
0.022,-0.13333333333333333
0.022,-0.13333333333333333
0.022,-0.13333333333333333
0.022,-0.13333333333333333
0.022,-0.13333333333333333
0.022,-0.2
0.022,-0.13333333333333333
0.022,-0.13333333333333333
0.022,-0.2
0.022,-0.08333333333333333
0.022,-0.08333333333333333
0.022,-0.13333333333333333
0.007,-0.13333333333333333
0.022,-0.08333333333333333
0.022,-0.08333333333333333
0.022,-0.13333333333333333
0.007,-0.08333333333333333
0.007,-0.08333333333333333
0.007,-0.08333333333333333
0.007,-0.08333333333333333
0.007,-0.08333333333333333
0.007,-0.08333333333333333
0.007,-0.08333333333333333
0.007,-0.08333333333333333
0.007,-0.08333333333333333
0.007,-0.08333333333333333
0.007,-0.08333333333333333
0.007,-0.08333333333333333
0.007,-0.03333333333333333
0.007,-0.03333333333333333
0.007,-0.03333333333333333
-0.007,-0.03333333333333333
-0.007,0.03333333333333333
0.007,-0.03333333333333333
-0.007,0.03333333333333333
-0.007,0.03333333333333333
-0.022,0.03333333333333333
-0.007,0.08333333333333333
-0.022,0.08333333333333333
-0.022,0.08333333333333333
-0.022,0.08333333333333333
-0.022,0.13333333333333333
-0.022,0.08333333333333333
-0.022,0.13333333333333333
-0.022,0.13333333333333333
-0.022,0.13333333333333333
-0.022,0.2
-0.022,0.13333333333333333
-0.022,0.2
-0.037,0.2
-0.037,0.25
-0.037,0.25
-0.037,0.25
-0.037,0.25
-0.053,0.25
-0.053,0.25
-0.053,0.25
-0.053,0.3
-0.053,0.25
-0.053,0.3
-0.053,0.3
-0.053,0.3
-0.053,0.3
-0.053,0.3
-0.068,0.3
-0.053,0.35
-0.068,0.35
-0.068,0.35
-0.068,0.4
-0.068,0.3
-0.068,0.3
-0.068,0.4
-0.068,0.35
-0.068,0.4
-0.068,0.35
-0.068,0.35
-0.068,0.35
-0.068,0.3
-0.068,0.35
-0.053,0.4
-0.068,0.35
-0.068,0.35
-0.068,0.3
-0.068,0.3
-0.068,0.35
-0.068,0.4
-0.068,0.35
-0.068,0.4
-0.068,0.35
-0.068,0.35
-0.068,0.35
-0.068,0.3
-0.068,0.35
-0.068,0.3
-0.068,0.35
-0.068,0.35
-0.068,0.35
-0.068,0.35
-0.068,0.4
-0.068,0.3
-0.053,0.4
-0.068,0.35
-0.068,0.35
-0.068,0.35
-0.068,0.3
-0.068,0.3
-0.068,0.3
-0.068,0.35
-0.068,0.35
-0.053,0.35
-0.068,0.35
-0.068,0.35
-0.068,0.3
-0.053,0.35
-0.053,0.3
-0.068,0.3
-0.053,0.3
-0.053,0.3
-0.053,0.3
-0.053,0.3
-0.053,0.3
-0.053,0.3
-0.053,0.3
-0.053,0.3
-0.037,0.25
-0.037,0.25
-0.037,0.25
-0.037,0.25
-0.037,0.25
-0.037,0.25
-0.037,0.25
-0.037,0.25
-0.037,0.2
-0.037,0.25
-0.022,0.2
-0.037,0.2
-0.022,0.13333333333333333
-0.022,0.2
-0.022,0.13333333333333333
-0.037,0.13333333333333333
-0.022,0.13333333333333333
-0.037,0.13333333333333333
-0.022,0.13333333333333333
-0.022,0.13333333333333333
-0.022,0.13333333333333333
-0.022,0.13333333333333333
-0.022,0.13333333333333333
-0.022,0.13333333333333333
-0.022,0.08333333333333333
-0.022,0.08333333333333333
-0.007,0.08333333333333333
-0.022,0.08333333333333333
-0.022,0.03333333333333333
-0.007,0.13333333333333333
-0.022,0.13333333333333333
-0.022,0.13333333333333333
-0.022,0.13333333333333333
-0.022,0.13333333333333333
-0.022,0.13333333333333333
-0.022,0.08333333333333333
-0.022,0.08333333333333333
-0.007,0.08333333333333333
-0.007,0.08333333333333333
-0.007,0.03333333333333333
-0.007,0.03333333333333333
0.007,0.03333333333333333
0.007,-0.03333333333333333
0.007,-0.03333333333333333
0.022,-0.08333333333333333
0.022,-0.08333333333333333
0.022,-0.13333333333333333
0.022,-0.08333333333333333
0.022,-0.13333333333333333
0.022,-0.2
0.022,-0.2
0.022,-0.2
0.037,-0.25
0.037,-0.25
0.037,-0.25
0.037,-0.25
0.037,-0.25
0.037,-0.25
0.037,-0.25
0.037,-0.25
0.037,-0.3
0.037,-0.3
0.037,-0.3
0.053,-0.35
0.037,-0.3
0.037,-0.25
0.053,-0.3
0.037,-0.35
0.053,-0.3
0.037,-0.3
0.037,-0.25
0.037,-0.35
0.037,-0.3
0.053,-0.35
0.037,-0.35
0.053,-0.35
0.053,-0.25
0.053,-0.35
0.053,-0.35
0.053,-0.35
0.037,-0.35
0.053,-0.25
0.037,-0.35
0.037,-0.3
0.037,-0.3
0.053,-0.3
0.037,-0.35
0.053,-0.35
0.037,-0.25
0.053,-0.35
0.037,-0.35
0.053,-0.3
0.053,-0.35
0.037,-0.25
0.037,-0.3
0.053,-0.3
0.053,-0.35
0.037,-0.35
0.037,-0.35
0.053,-0.35
0.037,-0.35
0.037,-0.35
0.037,-0.3
0.037,-0.3
0.037,-0.3
0.037,-0.25
0.037,-0.3
0.037,-0.25
0.037,-0.25
0.037,-0.3
0.037,-0.25
0.037,-0.25
0.037,-0.25
0.037,-0.25
0.022,-0.25
0.037,-0.25
0.037,-0.25
0.037,-0.25
0.037,-0.25
0.037,-0.25
0.037,-0.25
0.022,-0.25
0.037,-0.25
0.037,-0.25
0.037,-0.25
0.022,-0.25
0.037,-0.25
0.022,-0.25
0.037,-0.25
0.037,-0.25
0.022,-0.2
0.022,-0.2
0.037,-0.2
0.022,-0.2
0.022,-0.2
0.022,-0.2
0.037,-0.2
0.022,-0.2
0.022,-0.2
0.022,-0.2
0.022,-0.2
0.037,-0.2
0.022,-0.2
0.022,-0.2
0.022,-0.2
0.022,-0.2
0.037,-0.2
0.037,-0.2
0.037,-0.2
0.037,-0.25
0.037,-0.2
0.037,-0.2
0.037,-0.2
0.022,-0.2
0.022,-0.13333333333333333
0.022,-0.2
0.022,-0.2
0.022,-0.2
0.022,-0.2
0.022,-0.2
0.037,-0.2
0.037,-0.2
0.022,-0.2
0.022,-0.2
0.022,-0.2
0.022,-0.2
0.022,-0.2
0.037,-0.2
0.022,-0.2
0.022,-0.2
0.022,-0.13333333333333333
0.022,-0.13333333333333333
0.022,-0.2
0.022,-0.13333333333333333
0.022,-0.08333333333333333
0.007,-0.13333333333333333
0.007,-0.08333333333333333
0.007,-0.08333333333333333
0.007,-0.03333333333333333
-0.007,-0.03333333333333333
-0.007,0.03333333333333333
-0.022,0.08333333333333333
-0.022,0.2
-0.037,0.25
-0.053,0.3
-0.068,0.35
-0.083,0.4
-0.083,0.4
-0.098,0.45
-0.098,0.45
-0.113,0.45
-0.113,0.55
-0.113,0.55
-0.128,0.55
-0.128,0.55
-0.128,0.5
-0.128,0.5833333333333334
-0.128,0.55
-0.144,0.5833333333333334
-0.144,0.5833333333333334
-0.144,0.5833333333333334
-0.144,0.6333333333333333
-0.144,0.5833333333333334
-0.159,0.6833333333333333
-0.144,0.5833333333333334
-0.159,0.6333333333333333
-0.159,0.6833333333333333
-0.159,0.5833333333333334
-0.144,0.6833333333333333
-0.159,0.6333333333333333
-0.159,0.6833333333333333
-0.144,0.6333333333333333
-0.144,0.6333333333333333
-0.159,0.6333333333333333
-0.159,0.6333333333333333
-0.144,0.6333333333333333
-0.159,0.6333333333333333
-0.159,0.6333333333333333
-0.159,0.6833333333333333
-0.174,0.6333333333333333
-0.159,0.7166666666666667
-0.159,0.6833333333333333
-0.174,0.6833333333333333
-0.159,0.6333333333333333
-0.174,0.7166666666666667
-0.144,0.6833333333333333
-0.174,0.6833333333333333
-0.159,0.6333333333333333
-0.144,0.6333333333333333
-0.159,0.6333333333333333
-0.159,0.6333333333333333
-0.159,0.6333333333333333
-0.159,0.5833333333333334
-0.159,0.6333333333333333
-0.144,0.6333333333333333
-0.159,0.6833333333333333
-0.159,0.5833333333333334
-0.144,0.6833333333333333
-0.144,0.5833333333333334
-0.159,0.6333333333333333
-0.144,0.6333333333333333
-0.144,0.5833333333333334
-0.159,0.5833333333333334
-0.144,0.6333333333333333
-0.128,0.6333333333333333
-0.144,0.6333333333333333
-0.128,0.6333333333333333
-0.128,0.5833333333333334
-0.128,0.55
-0.113,0.5833333333333334
-0.128,0.55
-0.113,0.5
-0.113,0.55
-0.098,0.45
-0.098,0.45
-0.098,0.5
-0.083,0.4
-0.098,0.5
-0.083,0.4
-0.083,0.4
-0.083,0.4
-0.068,0.35
-0.068,0.4
-0.068,0.35
-0.053,0.35
-0.053,0.3
-0.037,0.25
-0.037,0.2
-0.022,0.13333333333333333
-0.022,0.2
-0.007,0.08333333333333333
-0.007,0.08333333333333333
0.007,-0.03333333333333333
0.007,-0.03333333333333333
0.022,-0.13333333333333333
0.022,-0.13333333333333333
0.037,-0.2
0.037,-0.25
0.037,-0.25
0.037,-0.25
0.037,-0.3
0.037,-0.3
0.053,-0.3
0.053,-0.3
0.053,-0.35
0.053,-0.35
0.053,-0.4
0.068,-0.4
0.053,-0.45
0.068,-0.45
0.068,-0.45
0.068,-0.45
0.068,-0.55
0.083,-0.5
0.083,-0.5
0.068,-0.5
0.083,-0.55
0.083,-0.55
0.083,-0.55
0.083,-0.55
0.083,-0.55
0.068,-0.55
0.083,-0.55
0.068,-0.55
0.083,-0.55
0.068,-0.55
0.068,-0.5
0.068,-0.55
0.083,-0.55
0.083,-0.5
0.068,-0.55
0.068,-0.5
0.083,-0.5
0.068,-0.55
0.068,-0.5
0.068,-0.5
0.068,-0.45
0.083,-0.55
0.068,-0.45
0.068,-0.5
0.068,-0.5
0.053,-0.5
0.068,-0.45
0.068,-0.55
0.068,-0.5
0.068,-0.45
0.068,-0.45
0.083,-0.5
0.068,-0.5
0.068,-0.45
0.083,-0.55
0.083,-0.55
0.053,-0.5
0.068,-0.45
0.068,-0.5
0.068,-0.5
0.068,-0.45
0.068,-0.5
0.068,-0.4
0.068,-0.5
0.068,-0.45
0.083,-0.5
0.068,-0.45
0.068,-0.4
0.083,-0.55
0.068,-0.45
0.068,-0.45
0.068,-0.4
0.068,-0.45
0.068,-0.45
0.068,-0.4
0.068,-0.45
0.068,-0.45
0.068,-0.45
0.068,-0.4
0.068,-0.5
0.053,-0.4
0.068,-0.45
0.068,-0.45
0.068,-0.4
0.068,-0.4
0.068,-0.4
0.068,-0.4
0.068,-0.4
0.053,-0.45
0.053,-0.4
0.053,-0.4
0.068,-0.45
0.053,-0.4
0.053,-0.4
0.053,-0.4
0.053,-0.4
0.053,-0.4
0.053,-0.35
0.053,-0.35
0.053,-0.35
0.053,-0.35
0.037,-0.35
0.053,-0.35
0.053,-0.3
0.037,-0.35
0.037,-0.35
0.037,-0.35
0.037,-0.3
0.037,-0.3
0.037,-0.35
0.037,-0.35
0.037,-0.3
0.037,-0.25
0.037,-0.25
0.037,-0.25
0.037,-0.25
0.022,-0.25
0.037,-0.2
0.037,-0.2
0.022,-0.2
0.022,-0.2
0.037,-0.2
0.037,-0.25
0.022,-0.2
0.037,-0.2
0.022,-0.2
0.022,-0.2
0.022,-0.13333333333333333
0.022,-0.13333333333333333
0.022,-0.2
0.022,-0.2
0.022,-0.13333333333333333
0.007,-0.08333333333333333
0.007,-0.13333333333333333
0.007,-0.08333333333333333
0.007,-0.08333333333333333
0.007,-0.08333333333333333
0.007,-0.08333333333333333
0.007,-0.03333333333333333
0.007,-0.03333333333333333
0.007,-0.03333333333333333
0.007,-0.03333333333333333
-0.007,-0.03333333333333333
-0.007,0.03333333333333333
0.007,-0.03333333333333333
-0.007,0.03333333333333333
-0.007,-0.03333333333333333
-0.022,0.08333333333333333
-0.022,0.08333333333333333
-0.022,0.13333333333333333
-0.022,0.2
-0.037,0.2
-0.037,0.25
-0.053,0.3
-0.053,0.3
-0.068,0.35
-0.083,0.4
-0.083,0.45
-0.083,0.45
-0.098,0.45
-0.098,0.45
-0.113,0.45
-0.098,0.45
-0.113,0.5
-0.113,0.55
-0.128,0.5
-0.113,0.55
-0.128,0.55
-0.128,0.55
-0.144,0.5833333333333334
-0.144,0.5833333333333334
-0.159,0.6333333333333333
-0.159,0.5833333333333334
-0.144,0.6333333333333333
-0.159,0.6333333333333333
-0.159,0.6833333333333333
-0.159,0.6333333333333333
-0.159,0.6333333333333333
-0.159,0.6833333333333333
-0.174,0.6833333333333333
-0.159,0.6333333333333333
-0.174,0.6833333333333333
-0.159,0.6333333333333333
-0.159,0.6333333333333333
-0.159,0.6333333333333333
-0.159,0.6833333333333333
-0.144,0.6333333333333333
-0.159,0.6333333333333333
-0.159,0.6333333333333333
-0.144,0.6333333333333333
-0.159,0.6333333333333333
-0.159,0.6833333333333333
-0.159,0.6333333333333333
-0.144,0.6333333333333333
-0.144,0.6333333333333333
-0.159,0.6833333333333333
-0.128,0.5833333333333334
-0.159,0.6833333333333333
-0.144,0.5833333333333334
-0.159,0.6333333333333333
-0.144,0.5833333333333334
-0.159,0.6333333333333333
-0.144,0.5833333333333334
-0.144,0.5833333333333334
-0.144,0.6333333333333333
-0.128,0.5833333333333334
-0.128,0.5833333333333334
-0.128,0.6333333333333333
-0.128,0.55
-0.128,0.55
-0.128,0.55
-0.128,0.55
-0.128,0.5833333333333334
-0.128,0.5833333333333334
-0.144,0.5833333333333334
-0.128,0.5833333333333334
-0.128,0.5833333333333334
-0.128,0.5
-0.113,0.45
-0.113,0.5
-0.113,0.55
-0.113,0.5
-0.098,0.45
-0.083,0.45
-0.083,0.45
-0.083,0.45
-0.083,0.35
-0.068,0.4
-0.068,0.4
-0.053,0.3
-0.037,0.25
-0.037,0.13333333333333333
-0.022,0.13333333333333333
-0.022,0.13333333333333333
-0.022,0.08333333333333333
-0.007,0.03333333333333333
0.007,0.03333333333333333
-0.007,-0.03333333333333333
0.007,-0.03333333333333333
0.007,-0.03333333333333333
0.022,-0.08333333333333333
0.022,-0.13333333333333333
0.022,-0.13333333333333333
0.022,-0.13333333333333333
0.022,-0.2
0.022,-0.2
0.037,-0.25
0.037,-0.25
0.037,-0.25
0.037,-0.3
0.037,-0.3
0.053,-0.35
0.053,-0.35
0.053,-0.35
0.053,-0.4
0.053,-0.35
0.068,-0.4
0.068,-0.45
0.053,-0.4
0.068,-0.45
0.068,-0.5
0.068,-0.45
0.068,-0.5
0.068,-0.5
0.068,-0.55
0.068,-0.5
0.068,-0.5
0.083,-0.55
0.068,-0.5
0.068,-0.45
0.068,-0.55
0.068,-0.45
0.083,-0.45
0.083,-0.55
0.068,-0.5
0.068,-0.5
0.068,-0.55
0.068,-0.45
0.068,-0.5
0.068,-0.5
0.068,-0.5
0.083,-0.5
0.068,-0.45
0.068,-0.5
0.083,-0.45
0.083,-0.55
0.068,-0.45
0.068,-0.5
0.068,-0.5
0.068,-0.4
0.083,-0.5833333333333334
0.068,-0.5
0.068,-0.55
0.068,-0.45
0.068,-0.45
0.068,-0.5
0.068,-0.5
0.068,-0.55
0.068,-0.55
0.068,-0.5
0.068,-0.45
0.068,-0.4
0.068,-0.45
0.068,-0.45
0.068,-0.45
0.068,-0.45
0.068,-0.4
0.068,-0.55
0.068,-0.4
0.068,-0.45
0.068,-0.4
0.068,-0.45
0.068,-0.45
0.068,-0.45
0.068,-0.4
0.068,-0.45
0.068,-0.5
0.068,-0.4
0.068,-0.45
0.068,-0.4
0.053,-0.4
0.053,-0.45
0.053,-0.4
0.068,-0.4
0.053,-0.45
0.068,-0.45
0.068,-0.4
0.068,-0.4
0.068,-0.4
0.068,-0.4
0.068,-0.45
0.068,-0.5
0.053,-0.4
0.068,-0.45
0.053,-0.45
0.053,-0.45
0.068,-0.45
0.068,-0.4
0.053,-0.45
0.068,-0.45
0.053,-0.4
0.053,-0.45
0.068,-0.4
0.068,-0.4
0.053,-0.4
0.053,-0.4
0.053,-0.4
0.068,-0.4
0.053,-0.35
0.053,-0.4
0.053,-0.35
0.053,-0.35
0.053,-0.35
0.037,-0.3
0.053,-0.3
0.037,-0.35
0.053,-0.25
0.037,-0.3
0.037,-0.3
0.037,-0.3
0.037,-0.25
0.037,-0.25
0.022,-0.25
0.037,-0.25
0.037,-0.2
0.037,-0.2
0.022,-0.2
0.022,-0.13333333333333333
0.022,-0.2
0.022,-0.13333333333333333
0.022,-0.2
0.022,-0.13333333333333333
0.007,-0.08333333333333333
0.007,-0.08333333333333333
0.007,-0.08333333333333333
0.007,-0.03333333333333333
-0.022,0.03333333333333333
-0.022,0.08333333333333333
-0.037,0.2
-0.053,0.25
-0.068,0.4
-0.083,0.45
-0.113,0.5
-0.128,0.5833333333333334
-0.174,0.6333333333333333
-0.204,0.7166666666666667
-0.25,0.8833333333333333
-0.265,0.9166666666666666
-0.31,0.9833333333333333
-0.326,1.05
-0.371,1.05
-0.371,1.0833333333333333
-0.386,1.1833333333333333
-0.401,1.15
-0.417,1.15
-0.401,1.1833333333333333
-0.447,1.2666666666666666
-0.462,1.15
-0.492,1.1833333333333333
-0.477,1.2833333333333334
-0.477,1.2166666666666666
-0.492,1.15
-0.523,1.3166666666666667
-0.477,1.1833333333333333
-0.523,1.2333333333333334
-0.523,1.2166666666666666
-0.477,1.3166666666666667
-0.477,1.2333333333333334
-0.492,1.2833333333333334
-0.462,1.2833333333333334
-0.507,1.1833333333333333
-0.492,1.3833333333333333
-0.507,1.1833333333333333
-0.507,1.3166666666666667
-0.523,1.2166666666666666
-0.523,1.2666666666666666
-0.523,1.2833333333333334
-0.507,1.2833333333333334
-0.523,1.3166666666666667
-0.507,1.2833333333333334
-0.492,1.2333333333333334
-0.507,1.2333333333333334
-0.507,1.2333333333333334
-0.507,1.2833333333333334
-0.492,1.2333333333333334
-0.507,1.3166666666666667
-0.492,1.2666666666666666
-0.507,1.3166666666666667
-0.538,1.2666666666666666
-0.507,1.2666666666666666
-0.507,1.2833333333333334
-0.477,1.2833333333333334
-0.523,1.2333333333333334
-0.492,1.3166666666666667
-0.492,1.2333333333333334
-0.477,1.2833333333333334
-0.492,1.3333333333333333
-0.447,1.2666666666666666
-0.432,1.2166666666666666
-0.401,1.2333333333333334
-0.401,1.2166666666666666
-0.386,1.05
-0.356,1.05
-0.341,1.1166666666666667
-0.326,0.9833333333333333
-0.295,0.9833333333333333
-0.295,0.95
-0.28,0.9166666666666666
-0.25,0.8833333333333333
-0.235,0.8333333333333334
-0.204,0.7166666666666667
-0.189,0.7166666666666667
-0.144,0.6333333333333333
-0.113,0.5
-0.068,0.4
-0.037,0.3
-0.037,0.25
-0.007,0.08333333333333333
0.007,-0.03333333333333333
0.022,-0.08333333333333333
0.022,-0.2
0.022,-0.13333333333333333
0.022,-0.2
0.022,-0.13333333333333333
0.037,-0.2
0.037,-0.25
0.037,-0.25
0.037,-0.25
0.037,-0.25
0.053,-0.3
0.053,-0.35
0.053,-0.35
0.068,-0.45
0.053,-0.4
0.068,-0.45
0.068,-0.5
0.068,-0.5
0.083,-0.55
0.113,-0.5833333333333334
0.083,-0.6333333333333333
0.098,-0.7166666666666667
0.113,-0.8
0.113,-0.8833333333333333
0.144,-0.9166666666666666
0.128,-0.95
0.068,-0.7666666666666667
0.098,-0.95
0.113,-0.95
0.068,-0.7666666666666667
0.098,-0.8833333333333333
0.083,-0.8833333333333333
0.098,-0.9166666666666666
0.113,-0.9833333333333333
0.113,-0.9166666666666666
0.128,-1.0833333333333333
0.113,-0.8833333333333333
0.098,-0.9166666666666666
0.113,-0.9166666666666666
0.128,-1.0166666666666666
0.113,-0.9166666666666666
0.098,-0.9833333333333333
0.068,-0.8
0.128,-0.9166666666666666
0.083,-0.95
0.098,-0.9166666666666666
0.144,-1.0166666666666666
0.098,-0.95
0.113,-0.9833333333333333
0.098,-0.9833333333333333
0.128,-1.0166666666666666
0.098,-0.95
0.128,-0.8833333333333333
0.113,-1.0166666666666666
0.098,-0.8833333333333333
0.128,-1.0166666666666666
0.128,-1.0166666666666666
0.083,-0.8833333333333333
0.128,-0.9833333333333333
0.098,-0.9166666666666666
0.083,-0.9166666666666666
0.083,-0.8
0.083,-0.8833333333333333
0.098,-0.8333333333333334
0.098,-0.95
0.098,-0.7166666666666667
0.113,-0.8333333333333334
0.113,-0.95
0.098,-0.8
0.128,-0.8833333333333333
0.098,-0.8333333333333334
0.113,-0.95
0.128,-0.9166666666666666
0.113,-0.8833333333333333
0.113,-0.9166666666666666
0.098,-0.8
0.083,-0.7666666666666667
0.128,-0.9833333333333333
0.113,-0.8833333333333333
0.113,-0.8833333333333333
0.128,-1.0166666666666666
0.098,-0.8333333333333334
0.113,-0.8833333333333333
0.113,-0.9833333333333333
0.098,-0.8333333333333334
0.128,-0.95
0.098,-0.9833333333333333
0.083,-0.8333333333333334
0.128,-0.9833333333333333
0.144,-0.9833333333333333
0.113,-0.9833333333333333
0.113,-0.9166666666666666
0.128,-0.8333333333333334
0.128,-1.0166666666666666
0.053,-0.7666666666666667
0.144,-0.9166666666666666
0.098,-0.8333333333333334
0.128,-0.9166666666666666
0.083,-0.8333333333333334
0.113,-0.9166666666666666
0.098,-0.7166666666666667
0.083,-0.7166666666666667
0.083,-0.6833333333333333
0.068,-0.8
0.113,-0.6833333333333333
0.068,-0.7166666666666667
0.098,-0.6833333333333333
0.083,-0.5833333333333334
0.098,-0.5833333333333334
0.083,-0.6333333333333333
0.083,-0.5833333333333334
0.068,-0.45
0.068,-0.55
0.083,-0.45
0.068,-0.55
0.083,-0.5
0.068,-0.5
0.068,-0.5
0.053,-0.5
0.053,-0.45
0.053,-0.4
0.068,-0.5
0.053,-0.4
0.068,-0.35
0.053,-0.4
0.053,-0.35
0.053,-0.35
0.037,-0.35
0.053,-0.3
0.037,-0.35
0.037,-0.3
0.037,-0.3
0.037,-0.25
0.022,-0.25
0.022,-0.2
0.022,-0.2
0.022,-0.2
0.007,-0.08333333333333333
-0.007,-0.03333333333333333
-0.022,0.03333333333333333
-0.037,0.2
-0.053,0.3
-0.083,0.4
-0.113,0.5
-0.144,0.5833333333333334
-0.174,0.6833333333333333
-0.189,0.7166666666666667
-0.219,0.8333333333333334
-0.265,0.8333333333333334
-0.28,0.95
-0.341,1.0166666666666666
-0.356,1.05
-0.386,1.0833333333333333
-0.401,1.0833333333333333
-0.432,1.1833333333333333
-0.447,1.0833333333333333
-0.462,1.2333333333333334
-0.492,1.15
-0.523,1.2666666666666666
-0.538,1.2333333333333334
-0.553,1.3166666666666667
-0.568,1.2833333333333334
-0.568,1.2833333333333334
-0.583,1.3333333333333333
-0.598,1.3333333333333333
-0.598,1.3833333333333333
-0.583,1.3666666666666667
-0.583,1.2666666666666666
-0.583,1.4
-0.598,1.3833333333333333
-0.583,1.3166666666666667
-0.629,1.3666666666666667
-0.629,1.3666666666666667
-0.644,1.4
-0.644,1.3833333333333333
-0.659,1.3333333333333333
-0.674,1.4
-0.659,1.3833333333333333
-0.659,1.2833333333333334
-0.674,1.3833333333333333
-0.674,1.3666666666666667
-0.659,1.4166666666666667
-0.659,1.3833333333333333
-0.629,1.3333333333333333
-0.614,1.3666666666666667
-0.629,1.3333333333333333
-0.614,1.4333333333333333
-0.614,1.3666666666666667
-0.598,1.3333333333333333
-0.583,1.3666666666666667
-0.598,1.3166666666666667
-0.583,1.2833333333333334
-0.568,1.3666666666666667
-0.568,1.3166666666666667
-0.538,1.2333333333333334
-0.507,1.2333333333333334
-0.492,1.2333333333333334
-0.462,1.15
-0.462,1.15
-0.386,1.1166666666666667
-0.371,1.15
-0.341,1.05
-0.326,0.9833333333333333
-0.31,1.0166666666666666
-0.265,0.9166666666666666
-0.219,0.8333333333333334
-0.189,0.7166666666666667
-0.144,0.55
-0.113,0.45
-0.083,0.35
-0.053,0.35
-0.037,0.3
-0.022,0.2
0.007,0.03333333333333333
0.007,-0.03333333333333333
0.022,-0.08333333333333333
0.037,-0.2
0.037,-0.25
0.037,-0.25
0.037,-0.25
0.037,-0.25
0.037,-0.3
0.053,-0.3
0.053,-0.35
0.053,-0.35
0.068,-0.4
0.068,-0.4
0.068,-0.5
0.083,-0.5
0.098,-0.55
0.098,-0.6833333333333333
0.098,-0.6833333333333333
0.098,-0.7666666666666667
0.098,-0.7166666666666667
0.083,-0.7166666666666667
0.113,-0.7666666666666667
0.113,-0.8333333333333334
0.098,-0.8
0.098,-0.8333333333333334
0.113,-0.8333333333333334
0.098,-0.7666666666666667
0.128,-0.9166666666666666
0.128,-0.8833333333333333
0.128,-0.9833333333333333
0.098,-0.9833333333333333
0.144,-1.05
0.098,-0.9833333333333333
0.083,-0.9833333333333333
0.128,-1.0166666666666666
0.068,-0.8833333333333333
0.128,-1.0166666666666666
0.098,-1.0166666666666666
0.144,-1.1166666666666667
0.113,-0.9833333333333333
0.159,-1.15
0.128,-1.05
0.098,-0.9833333333333333
0.128,-1.0166666666666666
0.068,-0.7666666666666667
0.098,-0.9833333333333333
0.144,-0.9166666666666666
0.113,-0.7166666666666667
0.144,-1.0166666666666666
0.113,-0.9166666666666666
0.113,-0.8833333333333333
0.144,-0.9833333333333333
0.098,-0.8333333333333334
0.128,-0.9166666666666666
0.128,-1.05
0.128,-1.0166666666666666
0.098,-0.8
0.113,-0.8
0.113,-1.0166666666666666
0.128,-0.95
0.083,-0.95
0.159,-1.0833333333333333
0.113,-0.8333333333333334
0.098,-1.05
0.113,-1.0166666666666666
0.113,-1.0166666666666666
0.128,-0.9166666666666666
0.113,-0.9833333333333333
0.098,-1.05
0.128,-0.9833333333333333
0.083,-0.8833333333333333
0.113,-1.0166666666666666
0.113,-0.9833333333333333
0.098,-0.8
0.098,-1.05
0.083,-0.6833333333333333
0.113,-0.9833333333333333
0.083,-0.7166666666666667
0.098,-0.8833333333333333
0.083,-0.8333333333333334
0.113,-0.8
0.083,-0.8
0.113,-0.8333333333333334
0.083,-0.7666666666666667
0.098,-0.8333333333333334
0.113,-0.8
0.083,-0.7666666666666667
0.098,-0.8833333333333333
0.068,-0.7166666666666667
0.113,-0.8833333333333333
0.113,-0.9166666666666666
0.128,-0.8
0.113,-0.8833333333333333
0.083,-0.7666666666666667
0.083,-0.9166666666666666
0.098,-0.8
0.098,-0.6833333333333333
0.098,-0.8333333333333334
0.083,-0.7666666666666667
0.098,-0.8
0.113,-0.8833333333333333
0.128,-0.8333333333333334
0.068,-0.6333333333333333
0.113,-0.8833333333333333
0.098,-0.7666666666666667
0.098,-0.8
0.083,-0.7166666666666667
0.083,-0.8
0.128,-0.6833333333333333
0.068,-0.6333333333333333
0.098,-0.7666666666666667
0.083,-0.5833333333333334
0.113,-0.6833333333333333
0.098,-0.6333333333333333
0.083,-0.6833333333333333
0.083,-0.5833333333333334
0.083,-0.5833333333333334
0.098,-0.6833333333333333
0.083,-0.5
0.068,-0.55
0.083,-0.55
0.083,-0.55
0.068,-0.55
0.083,-0.45
0.068,-0.5
0.068,-0.45
0.053,-0.45
0.068,-0.45
0.068,-0.4
0.068,-0.45
0.053,-0.4
0.053,-0.4
0.053,-0.3
0.053,-0.35
0.037,-0.25
0.037,-0.3
0.037,-0.25
0.037,-0.25
0.037,-0.25
0.022,-0.25
0.022,-0.25
0.022,-0.25
0.022,-0.13333333333333333
0.022,-0.2
0.022,-0.2
0.022,-0.13333333333333333
0.007,-0.2
0.022,-0.13333333333333333
0.007,-0.13333333333333333
0.022,-0.08333333333333333
0.007,-0.13333333333333333
0.007,-0.13333333333333333
0.007,-0.08333333333333333
0.007,-0.08333333333333333
0.007,-0.08333333333333333
0.007,-0.08333333333333333
0.007,-0.08333333333333333
0.007,-0.08333333333333333
0.007,-0.08333333333333333
0.007,-0.03333333333333333
-0.007,-0.03333333333333333
-0.007,0.03333333333333333
-0.007,-0.03333333333333333
-0.022,0.03333333333333333
-0.022,0.13333333333333333
-0.022,0.2
-0.037,0.25
-0.053,0.25
-0.053,0.3
-0.053,0.3
-0.053,0.3
-0.053,0.35
-0.068,0.35
-0.068,0.3
-0.068,0.35
-0.068,0.4
-0.068,0.35
-0.083,0.4
-0.083,0.35
-0.068,0.4
-0.083,0.4
-0.083,0.4
-0.083,0.4
-0.068,0.4
-0.083,0.45
-0.083,0.4
-0.083,0.4
-0.083,0.4
-0.083,0.4
-0.083,0.4
-0.083,0.45
-0.068,0.35
-0.083,0.4
-0.083,0.4
-0.083,0.4
-0.083,0.4
-0.083,0.4
-0.083,0.4
-0.083,0.4
-0.068,0.4
-0.083,0.4
-0.068,0.35
-0.083,0.4
-0.083,0.4
-0.083,0.45
-0.083,0.4
-0.083,0.45
-0.083,0.4
-0.083,0.4
-0.083,0.45
-0.083,0.4
-0.068,0.45
-0.083,0.4
-0.083,0.4
-0.083,0.4
-0.083,0.4
-0.083,0.4
-0.083,0.4
-0.068,0.4
-0.068,0.4
-0.083,0.35
-0.083,0.35
-0.083,0.4
-0.083,0.35
-0.068,0.35
-0.068,0.35
-0.068,0.35
-0.068,0.35
-0.068,0.4
-0.068,0.35
-0.068,0.3
-0.068,0.35
-0.053,0.35
-0.053,0.3
-0.053,0.3
-0.053,0.3
-0.053,0.3
-0.037,0.25
-0.037,0.25
-0.037,0.25
-0.037,0.25
-0.037,0.25
-0.022,0.13333333333333333
-0.037,0.13333333333333333
-0.022,0.2
-0.022,0.2
-0.022,0.13333333333333333
-0.022,0.13333333333333333
-0.022,0.08333333333333333
-0.007,0.08333333333333333
-0.007,0.08333333333333333
-0.007,0.03333333333333333
-0.007,0.03333333333333333
0.007,-0.03333333333333333
0.007,-0.03333333333333333
0.007,-0.03333333333333333
0.007,-0.08333333333333333
0.007,-0.08333333333333333
0.007,-0.08333333333333333
0.022,-0.08333333333333333
0.022,-0.13333333333333333
0.022,-0.13333333333333333
0.022,-0.08333333333333333
0.022,-0.08333333333333333
0.022,-0.2
0.022,-0.13333333333333333
0.022,-0.2
0.022,-0.2
0.022,-0.2
0.022,-0.2
0.037,-0.2
0.022,-0.2
0.037,-0.25
0.037,-0.2
0.037,-0.25
0.037,-0.3
0.037,-0.25
0.037,-0.25
0.037,-0.25
0.037,-0.3
0.037,-0.25
0.037,-0.3
0.037,-0.25
0.037,-0.25
0.037,-0.25
0.037,-0.3
0.037,-0.3
0.037,-0.25
0.037,-0.35
0.037,-0.25
0.053,-0.25
0.053,-0.3
0.053,-0.3
0.053,-0.3
0.053,-0.3
0.053,-0.35
0.053,-0.3
0.053,-0.35
0.053,-0.35
0.053,-0.35
0.053,-0.35
0.037,-0.35
0.053,-0.35
0.053,-0.3
0.053,-0.4
0.053,-0.4
0.053,-0.3
0.053,-0.35
0.053,-0.35
0.053,-0.35
0.053,-0.35
0.053,-0.35
0.053,-0.35
0.053,-0.3
0.053,-0.35
0.053,-0.35
0.053,-0.35
0.053,-0.35
0.053,-0.35
0.053,-0.35
0.053,-0.35
0.053,-0.35
0.053,-0.3
0.053,-0.3
0.053,-0.35
0.053,-0.35
0.053,-0.35
0.053,-0.3
0.053,-0.35
0.037,-0.35
0.037,-0.35
0.053,-0.35
0.053,-0.35
0.053,-0.35
0.053,-0.35
0.053,-0.3
0.053,-0.3
0.053,-0.25
0.037,-0.35
0.037,-0.35
0.037,-0.3
0.037,-0.3
0.053,-0.3
0.037,-0.3
0.037,-0.35
0.037,-0.3
0.037,-0.35
0.037,-0.25
0.037,-0.3
0.037,-0.25
0.037,-0.3
0.037,-0.3
0.037,-0.3
0.037,-0.3
0.037,-0.3
0.037,-0.25
0.037,-0.25
0.022,-0.25
0.037,-0.25
0.037,-0.2
0.037,-0.25
0.037,-0.2
0.022,-0.25
0.022,-0.2
0.037,-0.2
0.022,-0.2
0.022,-0.2
0.022,-0.2
0.022,-0.2
0.022,-0.13333333333333333
0.022,-0.2
0.022,-0.13333333333333333
0.022,-0.13333333333333333
0.022,-0.13333333333333333
0.022,-0.13333333333333333
0.022,-0.13333333333333333
0.007,-0.08333333333333333
0.007,-0.13333333333333333
0.007,-0.08333333333333333
0.007,-0.08333333333333333
0.007,-0.03333333333333333
0.007,-0.03333333333333333
-0.007,-0.03333333333333333
-0.007,0.03333333333333333
-0.007,0.03333333333333333
-0.022,0.08333333333333333
-0.022,0.2
-0.037,0.25
-0.037,0.25
-0.037,0.25
-0.068,0.3
-0.068,0.3
-0.068,0.35
-0.068,0.35
-0.083,0.35
-0.068,0.35
-0.068,0.4
-0.068,0.35
-0.083,0.4
-0.068,0.4
-0.068,0.4
-0.068,0.4
-0.068,0.4
-0.083,0.35
-0.083,0.4
-0.068,0.4
-0.068,0.35
-0.083,0.35
-0.068,0.4
-0.068,0.35
-0.068,0.4
-0.083,0.4
-0.068,0.35
-0.068,0.4
-0.068,0.4
-0.083,0.4
-0.083,0.4
-0.083,0.4
-0.068,0.4
-0.083,0.4
-0.083,0.4
-0.083,0.4
-0.083,0.4
-0.083,0.4
-0.083,0.4
-0.083,0.4
-0.083,0.4
-0.068,0.4
-0.083,0.4
-0.068,0.4
-0.083,0.4
-0.068,0.4
-0.068,0.35
-0.068,0.4
-0.068,0.4
-0.068,0.35
-0.083,0.4
-0.068,0.4
-0.068,0.4
-0.068,0.4
-0.053,0.35
-0.053,0.35
-0.053,0.35
-0.053,0.4
-0.053,0.35
-0.068,0.35
-0.053,0.35
-0.053,0.35
-0.068,0.3
-0.053,0.3
-0.068,0.35
-0.068,0.3
-0.053,0.35
-0.053,0.3
-0.053,0.35
-0.053,0.3
-0.053,0.3
-0.053,0.35
-0.053,0.3
-0.053,0.25
-0.053,0.25
-0.053,0.3
-0.053,0.3
-0.053,0.3
-0.037,0.25
-0.037,0.25
-0.037,0.25
-0.037,0.25
-0.022,0.2
-0.022,0.2
-0.022,0.13333333333333333
-0.007,0.08333333333333333
-0.007,0.08333333333333333
0.007,0.03333333333333333
0.007,-0.03333333333333333
0.007,-0.03333333333333333
0.022,-0.08333333333333333
0.022,-0.13333333333333333
0.022,-0.2
0.022,-0.2
0.037,-0.25
0.037,-0.25
0.037,-0.25
0.037,-0.25
0.037,-0.25
0.037,-0.25
0.037,-0.25
0.037,-0.25
0.037,-0.3
0.037,-0.3
0.053,-0.35
0.037,-0.3
0.037,-0.35
0.053,-0.35
0.053,-0.35
0.053,-0.35
0.037,-0.3
0.053,-0.3
0.053,-0.4
0.053,-0.3
0.053,-0.4
0.053,-0.35
0.053,-0.3
0.053,-0.35
0.053,-0.35
0.053,-0.4
0.053,-0.35
0.053,-0.35
0.053,-0.35
0.053,-0.35
0.053,-0.35
0.053,-0.35
0.037,-0.35
0.053,-0.35
0.053,-0.3
0.053,-0.35
0.037,-0.3
0.037,-0.35
0.053,-0.35
0.037,-0.35
0.053,-0.35
0.053,-0.35
0.053,-0.35
0.053,-0.3
0.053,-0.35
0.053,-0.3
0.053,-0.35
0.037,-0.3
0.053,-0.35
0.053,-0.35
0.053,-0.3
0.053,-0.3
0.037,-0.35
0.037,-0.35
0.037,-0.3
0.037,-0.25
0.037,-0.25
0.037,-0.25
0.037,-0.25
0.037,-0.25
0.037,-0.3
0.037,-0.25
0.037,-0.25
0.037,-0.25
0.022,-0.25
0.037,-0.25
0.022,-0.25
0.037,-0.25
0.022,-0.2
0.022,-0.2
0.022,-0.13333333333333333
0.022,-0.13333333333333333
0.022,-0.13333333333333333
0.022,-0.08333333333333333
0.022,-0.2
0.007,-0.13333333333333333
0.007,-0.08333333333333333
0.007,-0.08333333333333333
0.007,-0.08333333333333333
0.007,-0.08333333333333333
0.007,-0.13333333333333333
0.007,-0.08333333333333333
0.007,-0.08333333333333333
0.007,-0.03333333333333333
0.007,-0.03333333333333333
0.007,-0.08333333333333333
0.007,-0.08333333333333333
0.007,-0.08333333333333333
0.007,-0.08333333333333333
0.007,-0.08333333333333333
0.007,-0.08333333333333333
0.022,-0.03333333333333333
-0.007,-0.03333333333333333
-0.007,-0.03333333333333333
0.007,-0.03333333333333333
0.007,-0.03333333333333333
0.007,-0.03333333333333333
-0.007,-0.03333333333333333
0.007,-0.03333333333333333
-0.007,-0.03333333333333333
-0.007,-0.03333333333333333
-0.007,-0.03333333333333333
-0.007,-0.03333333333333333
-0.007,-0.03333333333333333
-0.007,-0.03333333333333333
0.007,-0.08333333333333333
-0.007,-0.03333333333333333
-0.007,-0.03333333333333333
-0.007,-0.03333333333333333
0.007,-0.03333333333333333
-0.007,0.03333333333333333
0.007,0.03333333333333333
-0.007,-0.03333333333333333
0.007,0.03333333333333333
0.007,-0.03333333333333333
0.007,0.03333333333333333
0.007,-0.03333333333333333
0.007,0.03333333333333333
-0.007,0.03333333333333333
-0.007,0.03333333333333333
0.007,-0.03333333333333333
0.007,-0.03333333333333333
-0.007,-0.03333333333333333
